1662832195.9697787762 0 0 0
1662832196.0359919071 0 0 0
1662832196.1010825634 0 0 0
1662832196.1786186695 0 0 0
1662832196.244587183 0 0 0
1662832196.3109400272 0 0 0
1662832196.3763613701 0 0 0
1662832196.4535102844 0 0 0
1662832196.5306050777 0 0 0
1662832196.6073689461 0 0 0
1662832196.6846139431 0 0 0
1662832196.7618010044 0 0 0
1662832196.8278751373 0 0 0
1662832196.8939678669 0 0 0
1662832196.9699416161 0 0 0
1662832197.0360763073 0 0 0
1662832197.1137254238 0 0 0
1662832197.1904923916 0 0 0
1662832197.2676072121 0 0 0
1662832197.3338587284 0 0 0
1662832197.3999342918 0 0 0
1662832197.4657771587 0 0 0
1662832197.5420324802 0 0 0
1662832197.6080436707 0 0 0
1662832197.6849887371 0 0 0
1662832197.7510697842 0 0 0
1662832197.8171873093 0 0 0
1662832197.8939743042 0 0 0
1662832197.9719216824 0 0 0
1662832198.0376250744 0 0 0
1662832198.1037490368 0 0 0
1662832198.1700048447 0 0 0
1662832198.2349834442 0 0 0
1662832198.3124206066 0 0 0
1662832198.3900222778 0 0 0
1662832198.4550812244 0 0 0
1662832198.5320644379 0 0 0
1662832198.6089963913 0 0 0
1662832198.6751275063 0 0 0
1662832198.7523136139 0 0 0
1662832198.8293433189 0 0 0
1662832198.9062190056 0 0 0
1662832198.9833478928 0 0 0
1662832199.0602633953 0 0 0
1662832199.1379704475 0 0 0
1662832199.2039198875 0 0 0
1662832199.2699129581 0 0 0
1662832199.3349940777 0 0 0
1662832199.4012200832 0 0 0
1662832199.478913784 0 0 0
1662832199.5445513725 0 0 0
1662832199.6109416485 0 0 0
1662832199.6768615246 0 0 0
1662832199.7427523136 0 0 0
1662832199.8196973801 0 0 0
1662832199.885014534 0 0 0
1662832199.951898098 0 0 0
1662832200.0170156956 0 0 0
1662832200.0948660374 0 0 0
1662832200.1609632969 0 0 0
1662832200.2266998291 0 0 0
1662832200.3035390377 0 0 0
1662832200.380415678 0 0 0
1662832200.4579393864 0 0 0
1662832200.5238792896 0 0 0
1662832200.5890369415 0 0 0
1662832200.6663227081 0 0 0
1662832200.7438073158 0 0 0
1662832200.8097817898 0 0 0
1662832200.8866286278 0 0 0
1662832200.9635863304 0 0 0
1662832201.0407035351 0 0 0
1662832201.1066844463 0 0 0
1662832201.1833312511 0 0 0
1662832201.2609770298 0 0 0
1662832201.3270173073 0 0 0
1662832201.3927693367 0 0 0
1662832201.4582526684 0 0 0
1662832201.5352358818 0 0 0
1662832201.6129572392 0 0 0
1662832201.6788775921 0 0 0
1662832201.7558598518 0 0 0
1662832201.8210148811 0 0 0
1662832201.8880319595 0 0 0
1662832201.9640095234 0 0 0
1662832202.0308580399 0 0 0
1662832202.0960221291 0 0 0
1662832202.1629002094 0 0 0
1662832202.2287864685 0 0 0
1662832202.2949874401 0 0 0
1662832202.3600935936 0 0 0
1662832202.4261991978 0 0 0
1662832202.5039844513 0 0 0
1662832202.5697336197 0 0 0
1662832202.6359074116 0 0 0
1662832202.7016260624 0 0 0
1662832202.7788486481 0 0 0
1662832202.8449718952 0 0 0
1662832202.9109759331 0 0 0
1662832202.9768116474 0 0 0
1662832203.0429723263 0 0 0
1662832203.1089920998 0 0 0
1662832203.1859073639 0 0 0
1662832203.2516570091 0 0 0
1662832203.3285467625 0 0 0
1662832203.4055190086 0 0 0
1662832203.4828023911 0 0 0
1662832203.5481309891 0 0 0
1662832203.6251235008 0 0 0
1662832203.7023696899 0 0 0
1662832203.7681334019 0 0 0
1662832203.8460252285 0 0 0
1662832203.9229204655 0 0 0
1662832203.9881350994 0 0 0
1662832204.0653493404 0 0 0
1662832204.1427767277 0 0 0
1662832204.2195301056 0 0 0
1662832204.2964529991 0 0 0
1662832204.3735790253 0 0 0
1662832204.4506771564 0 0 0
1662832204.5276789665 0 0 0
1662832204.6043105125 0 0 0
1662832204.6815845966 0 0 0
1662832204.7584691048 0 0 0
1662832204.835729599 0 0 0
1662832204.9017293453 0 0 0
1662832204.9786076546 0 0 0
1662832205.0446693897 0 0 0
1662832205.1214056015 0 0 0
1662832205.1985321045 0 0 0
1662832205.2755913734 0 0 0
1662832205.3526082039 0 0 0
1662832205.4298424721 0 0 0
1662832205.4961102009 0 0 0
1662832205.561968565 0 0 0
1662832205.6272358894 0 0 0
1662832205.7044630051 0 0 0
1662832205.7817573547 0 0 0
1662832205.8480808735 0 0 0
1662832205.9251101017 0 0 0
1662832205.9909586906 0 0 0
1662832206.057097435 0 0 0
1662832206.1229631901 0 0 0
1662832206.1888103485 0 0 0
1662832206.2657051086 0 0 0
1662832206.3317756653 0 0 0
1662832206.4087796211 0 0 0
1662832206.4750976562 0 0 0
1662832206.5402121544 0 0 0
1662832206.6172099113 0 0 0
1662832206.6950266361 0 0 0
1662832206.7601766586 0 0 0
1662832206.8264899254 0 0 0
1662832206.9041268826 0 0 0
1662832206.9802882671 0 0 0
1662832207.0572493076 0 0 0
1662832207.1342926025 0 0 0
1662832207.20023489 0 0 0
1662832207.2666068077 0 0 0
1662832207.3439490795 0 0 0
1662832207.4206626415 0 0 0
1662832207.4975762367 0 0 0
1662832207.574562788 0 0 0
1662832207.6517348289 0 0 0
1662832207.7180492878 0 0 0
1662832207.7835085392 0 0 0
1662832207.8603978157 0 0 0
1662832207.9375188351 0 0 0
1662832208.0148191452 0 0 0
1662832208.0810797215 0 0 0
1662832208.1470601559 0 0 0
1662832208.2129571438 0 0 0
1662832208.2785105705 0 0 0
1662832208.3556182384 0 0 0
1662832208.4326541424 0 0 0
1662832208.498924017 0 0 0
1662832208.5755839348 0 0 0
1662832208.6525123119 0 0 0
1662832208.7292106152 0 0 0
1662832208.795144558 0 0 0
1662832208.8620665073 0 0 0
1662832208.9272451401 0 0 0
1662832209.0042366982 0 0 0
1662832209.0706546307 0 0 0
1662832209.147687912 0 0 0
1662832209.2245085239 0 0 0
1662832209.3015856743 0 0 0
1662832209.3781695366 0 0 0
1662832209.4442420006 0 0 0
1662832209.522105217 0 0 0
1662832209.5880713463 0 0 0
1662832209.6531467438 0 0 0
1662832209.7310798168 0 0 0
1662832209.7970395088 0 0 0
1662832209.8620975018 0 0 0
1662832209.9391005039 0 0 0
1662832210.0059876442 0 0 0
1662832210.0711750984 0 0 0
1662832210.1483011246 0 0 0
1662832210.2261202335 0 0 0
1662832210.302965641 0 0 0
1662832210.3683629036 0 0 0
1662832210.4454073906 0 0 0
1662832210.5226309299 0 0 0
1662832210.5992636681 0 0 0
1662832210.6769661903 0 0 0
1662832210.7430832386 0 0 0
1662832210.808382988 0 0 0
1662832210.8853476048 0 0 0
1662832210.9628243446 0 0 0
1662832211.0291929245 0 0 0
1662832211.0948441029 0 0 0
1662832211.1611757278 0 0 0
1662832211.2380897999 0 0 0
1662832211.304087162 0 0 0
1662832211.3701217175 0 0 0
1662832211.4358818531 0 0 0
1662832211.512973547 0 0 0
1662832211.5791666508 0 0 0
1662832211.6450340748 0 0 0
1662832211.7110657692 0 0 0
1662832211.7767510414 0 0 0
1662832211.8534228802 0 0 0
1662832211.930385828 0 0 0
1662832212.0076212883 0 0 0
1662832212.0740365982 0 0 0
1662832212.1393530369 0 0 0
1662832212.2053523064 0 0 0
1662832212.2826068401 0 0 0
1662832212.359619379 0 0 0
1662832212.4252769947 0 0 0
1662832212.5022408962 0 0 0
1662832212.5801615715 0 0 0
1662832212.6453549862 0 0 0
1662832212.7224655151 0 0 0
1662832212.7996277809 0 0 0
1662832212.8764038086 0 0 0
1662832212.953553915 0 0 0
1662832213.0303714275 0 0 0
1662832213.107614994 0 0 0
1662832213.1845269203 0 0 0
1662832213.2615747452 0 0 0
1662832213.3383653164 0 0 0
1662832213.4161274433 0 0 0
1662832213.4814126492 0 0 0
1662832213.5582282543 0 0 0
1662832213.6354498863 0 0 0
1662832213.7132217884 0 0 0
1662832213.7782309055 0 0 0
1662832213.8552377224 0 0 0
1662832213.9325559139 0 0 0
1662832214.0097079277 0 0 0
1662832214.0870513916 0 0 0
1662832214.1532638073 0 0 0
1662832214.2299880981 0 0 0
1662832214.3070483208 0 0 0
1662832214.3731372356 0 0 0
1662832214.4382112026 0 0 0
1662832214.5052435398 0 0 0
1662832214.5813410282 0 0 0
1662832214.6587750912 0 0 0
1662832214.7251904011 0 0 0
1662832214.8021342754 0 0 0
1662832214.8679740429 0 0 0
1662832214.9340002537 0 0 0
1662832215.0110018253 0 0 0
1662832215.0880064964 0 0 0
1662832215.1647896767 0 0 0
1662832215.2416927814 0 0 0
1662832215.3190317154 0 0 0
1662832215.3850805759 0 0 0
1662832215.4502043724 0 0 0
1662832215.5280416012 0 0 0
1662832215.5932602882 0 0 0
1662832215.6705522537 0 0 0
1662832215.7371675968 0 0 0
1662832215.8024508953 0 0 0
1662832215.8796567917 0 0 0
1662832215.9566628933 0 0 0
1662832216.0333714485 0 0 0
1662832216.1106081009 0 0 0
1662832216.1881375313 0 0 0
1662832216.2542626858 0 0 0
1662832216.3192269802 0 0 0
1662832216.3860423565 0 0 0
1662832216.4520201683 0 0 0
1662832216.5287675858 0 0 0
1662832216.6056041718 0 0 0
1662832216.6826982498 0 0 0
1662832216.7594919205 0 0 0
1662832216.8366494179 0 0 0
1662832216.913687706 0 0 0
1662832216.9903986454 0 0 0
1662832217.057128191 0 0 0
1662832217.1228039265 0 0 0
1662832217.2001111507 0 0 0
1662832217.2652919292 0 0 0
1662832217.3312296867 0 0 0
1662832217.4092552662 0 0 0
1662832217.4745664597 0 0 0
1662832217.5521662235 0 0 0
1662832217.6180033684 0 0 0
1662832217.6833617687 0 0 0
1662832217.760324955 0 0 0
1662832217.8375644684 0 0 0
1662832217.9152457714 0 0 0
1662832217.9804036617 0 0 0
1662832218.0462629795 0 0 0
1662832218.1232745647 0 0 0
1662832218.2011897564 0 0 0
1662832218.2672507763 0 0 0
1662832218.3432517052 0 0 0
1662832218.4203102589 0 0 0
1662832218.4872596264 0 0 0
1662832218.5532894135 0 0 0
1662832218.6299571991 0 0 0
1662832218.7070391178 0 0 0
1662832218.7729334831 0 0 0
1662832218.8500359058 0 0 0
1662832218.9263780117 0 0 0
1662832219.0034873486 0 0 0
1662832219.0693683624 0 0 0
1662832219.1464650631 0 0 0
1662832219.2241420746 0 0 0
1662832219.2894172668 0 0 0
1662832219.355407238 0 0 0
1662832219.4324998856 0 0 0
1662832219.5094499588 0 0 0
1662832219.5863990784 0 0 0
1662832219.6527528763 0 0 0
1662832219.7298874855 0 0 0
1662832219.7952432632 0 0 0
1662832219.861579895 0 0 0
1662832219.9390130043 0 0 0
1662832220.0051696301 0 0 0
1662832220.0712544918 0 0 0
1662832220.1365311146 0 0 0
1662832220.2141280174 0 0 0
1662832220.2803051472 0 0 0
1662832220.3452908993 0 0 0
1662832220.4113526344 0 0 0
1662832220.4890058041 0 0 0
1662832220.5658259392 0 0 0
1662832220.6427557468 0 0 0
1662832220.7196002007 0 0 0
1662832220.7965567112 0 0 0
1662832220.8739490509 0 0 0
1662832220.9509294033 0 0 0
1662832221.0276539326 0 0 0
1662832221.1048979759 0 0 0
1662832221.1817765236 0 0 0
1662832221.2584242821 0 0 0
1662832221.3356642723 0 0 0
1662832221.4127755165 0 0 0
1662832221.4901485443 0 0 0
1662832221.5667879581 0 0 0
1662832221.6437427998 0 0 0
1662832221.720664978 0 0 0
1662832221.7974505424 0 0 0
1662832221.8633284569 0 0 0
1662832221.9293267727 0 0 0
1662832221.9954051971 0 0 0
1662832222.0724937916 0 0 0
1662832222.1502475739 0 0 0
1662832222.2162904739 0 0 0
1662832222.2816476822 0 0 0
1662832222.3592190742 0 0 0
1662832222.4253129959 0 0 0
1662832222.5013482571 0 0 0
1662832222.5683636665 0 0 0
1662832222.6337435246 0 0 0
1662832222.7107303143 0 0 0
1662832222.7874743938 0 0 0
1662832222.8646571636 0 0 0
1662832222.9419009686 0 0 0
1662832223.0189566612 0 0 0
1662832223.0957098007 0 0 0
1662832223.1726272106 0 0 0
1662832223.2390105724 0 0 0
1662832223.3052911758 0 0 0
1662832223.3713200092 0 0 0
1662832223.4372527599 0 0 0
1662832223.5031788349 0 0 0
1662832223.5684943199 0 0 0
1662832223.645765543 0 0 0
1662832223.722849369 0 0 0
1662832223.7998590469 0 0 0
1662832223.8767428398 0 0 0
1662832223.953438282 0 0 0
1662832224.0311031342 0 0 0
1662832224.1083681583 0 0 0
1662832224.174166441 0 0 0
1662832224.2393114567 0 0 0
1662832224.3063173294 0 0 0
1662832224.3715825081 0 0 0
1662832224.4380095005 0 0 0
1662832224.5149998665 0 0 0
1662832224.5805068016 0 0 0
1662832224.6576168537 0 0 0
1662832224.7351794243 0 0 0
1662832224.811311245 0 0 0
1662832224.8775217533 0 0 0
1662832224.9552724361 0 0 0
1662832225.0212016106 0 0 0
1662832225.0863821507 0 0 0
1662832225.1527647972 0 0 0
1662832225.2297046185 0 0 0
1662832225.3067893982 0 0 0
1662832225.3838045597 0 0 0
1662832225.4499502182 0 0 0
1662832225.5271141529 0 0 0
1662832225.5931620598 0 0 0
1662832225.6589820385 0 0 0
1662832225.7354066372 0 0 0
1662832225.8021085262 0 0 0
1662832225.8680648804 0 0 0
1662832225.9444847107 0 0 0
1662832226.0107045174 0 0 0
1662832226.0773727894 0 0 0
1662832226.1544015408 0 0 0
1662832226.2194390297 0 0 0
1662832226.2853534222 0 0 0
1662832226.351536274 0 0 0
1662832226.4289503098 0 0 0
1662832226.4953985214 0 0 0
1662832226.5607888699 0 0 0
1662832226.6380724907 0 0 0
1662832226.7149801254 0 0 0
1662832226.7924227715 0 0 0
1662832226.857404232 0 0 0
1662832226.9234428406 0 0 0
1662832227.0014252663 0 0 0
1662832227.0672729015 0 0 0
1662832227.1330001354 0 0 0
1662832227.1993458271 0 0 0
1662832227.2651102543 0 0 0
1662832227.341771841 0 0 0
1662832227.419369936 0 0 0
1662832227.4850482941 0 0 0
1662832227.5614914894 0 0 0
1662832227.6283314228 0 0 0
1662832227.6940248013 0 0 0
1662832227.7600557804 0 0 0
1662832227.8262710571 0 0 0
1662832227.8923361301 0 0 0
1662832227.9583120346 0 0 0
1662832228.0242745876 0 0 0
1662832228.0898981094 0 0 0
1662832228.1669273376 0 0 0
1662832228.244017601 0 0 0
1662832228.3208241463 0 0 0
1662832228.3979744911 0 0 0
1662832228.4744606018 0 0 0
1662832228.5523300171 0 0 0
1662832228.6182701588 0 0 0
1662832228.683686018 0 0 0
1662832228.7606196404 0 0 0
1662832228.8375532627 0 0 0
1662832228.9035069942 0 0 0
1662832228.9805541039 0 0 0
1662832229.0580632687 0 0 0
1662832229.1345310211 0 0 0
1662832229.2006361485 0 0 0
1662832229.2776377201 0 0 0
1662832229.3553678989 0 0 0
1662832229.4210007191 0 0 0
1662832229.4872436523 0 0 0
1662832229.5533359051 0 0 0
1662832229.6189677715 0 0 0
1662832229.6962161064 0 0 0
1662832229.772903204 0 0 0
1662832229.8502709866 0 0 0
1662832229.927038908 0 0 0
1662832229.9929666519 0 0 0
1662832230.0694978237 0 0 0
1662832230.1362063885 0 0 0
1662832230.2020554543 0 0 0
1662832230.2677462101 0 0 0
1662832230.344587326 0 0 0
1662832230.410618782 0 0 0
1662832230.4768447876 0 0 0
1662832230.554166317 0 0 0
1662832230.6202149391 0 0 0
1662832230.6862089634 0 0 0
1662832230.7632107735 0 0 0
1662832230.8404715061 0 0 0
1662832230.9064042568 0 0 0
1662832230.9722495079 0 0 0
1662832231.0381047726 0 0 0
1662832231.1145739555 0 0 0
1662832231.1814785004 0 0 0
1662832231.2470541 0 0 0
1662832231.3239152431 0 0 0
1662832231.4012084007 0 0 0
1662832231.4777679443 0 0 0
1662832231.544467926 0 0 0
1662832231.6103672981 0 0 0
1662832231.6762640476 0 0 0
1662832231.7422511578 0 0 0
1662832231.8083312511 0 0 0
1662832231.8739919662 0 0 0
1662832231.9507098198 0 0 0
1662832232.0173943043 0 0 0
1662832232.0830016136 0 0 0
1662832232.1602756977 0 0 0
1662832232.2260322571 0 0 0
1662832232.3034217358 0 0 0
1662832232.3692820072 0 0 0
1662832232.4351930618 0 0 0
1662832232.500464201 0 0 0
1662832232.5672519207 0 0 0
1662832232.6330957413 0 0 0
1662832232.6994678974 0 0 0
1662832232.7655408382 0 0 0
1662832232.8314685822 0 0 0
1662832232.8964729309 0 0 0
1662832232.9632408619 0 0 0
1662832233.0293443203 0 0 0
1662832233.0946128368 0 0 0
1662832233.1608996391 0 0 0
1662832233.2380194664 0 0 0
1662832233.3041341305 0 0 0
1662832233.3810825348 0 0 0
1662832233.457442522 0 0 0
1662832233.5242512226 0 0 0
1662832233.6012113094 0 0 0
1662832233.6673750877 0 0 0
1662832233.744165659 0 0 0
1662832233.8208289146 0 0 0
1662832233.8974974155 0 0 0
1662832233.975342989 0 0 0
1662832234.0405418873 0 0 0
1662832234.1176326275 0 0 0
1662832234.1949770451 0 0 0
1662832234.272051096 0 0 0
1662832234.3491258621 0 0 0
1662832234.4153115749 0 0 0
1662832234.4812889099 0 0 0
1662832234.5584552288 0 0 0
1662832234.6237227917 0 0 0
1662832234.6897330284 0 0 0
1662832234.7561955452 0 0 0
1662832234.8326296806 0 0 0
1662832234.9095861912 0 0 0
1662832234.9756193161 0 0 0
1662832235.0415353775 0 0 0
1662832235.1076118946 0 0 0
1662832235.1848938465 0 0 0
1662832235.2621130943 0 0 0
1662832235.3284971714 0 0 0
1662832235.393781662 0 0 0
1662832235.4711973667 0 0 0
1662832235.5375208855 0 0 0
1662832235.602817297 0 0 0
1662832235.6689636707 0 0 0
1662832235.7455663681 0 0 0
1662832235.8230361938 0 0 0
1662832235.8888118267 0 0 0
1662832235.9657278061 0 0 0
1662832236.0431098938 0 0 0
1662832236.1201400757 0 0 0
1662832236.1970353127 0 0 0
1662832236.2744979858 0 0 0
1662832236.3400287628 0 0 0
1662832236.4174289703 0 0 0
1662832236.4831039906 0 0 0
1662832236.5600652695 0 0 0
1662832236.6372015476 0 0 0
1662832236.7139999866 0 0 0
1662832236.791046381 0 0 0
1662832236.8681259155 0 0 0
1662832236.9340679646 0 0 0
1662832237.0005438328 0 0 0
1662832237.0664658546 0 0 0
1662832237.132547617 0 0 0
1662832237.1978294849 0 0 0
1662832237.2753376961 0 0 0
1662832237.3408403397 0 0 0
1662832237.4075200558 0 0 0
1662832237.4729669094 0 0 0
1662832237.5498888493 0 0 0
1662832237.6271774769 0 0 0
1662832237.703712225 0 0 0
1662832237.7808721066 0 0 0
1662832237.8578066826 0 0 0
1662832237.9349303246 0 0 0
1662832238.0116546154 0 0 0
1662832238.0776321888 0 0 0
1662832238.1548202038 0 0 0
1662832238.2320981026 0 0 0
1662832238.309191227 0 0 0
1662832238.3864452839 0 0 0
1662832238.4521882534 0 0 0
1662832238.5290133953 0 0 0
1662832238.6064422131 0 0 0
1662832238.6721041203 0 0 0
1662832238.7485141754 0 0 0
1662832238.8151600361 0 0 0
1662832238.8916494846 0 0 0
1662832238.9581739902 0 0 0
1662832239.0350832939 0 0 0
1662832239.1120636463 0 0 0
1662832239.1893827915 0 0 0
1662832239.2554674149 0 0 0
1662832239.3213403225 0 0 0
1662832239.3976693153 0 0 0
1662832239.4641697407 0 0 0
1662832239.5407869816 0 0 0
1662832239.617609024 0 0 0
1662832239.6845910549 0 0 0
1662832239.7503142357 0 0 0
1662832239.8163070679 0 0 0
1662832239.8821802139 0 0 0
1662832239.9589080811 0 0 0
1662832240.0365018845 0 0 0
1662832240.1016433239 0 0 0
1662832240.1684162617 0 0 0
1662832240.2344071865 0 0 0
1662832240.3003132343 0 0 0
1662832240.3660907745 0 0 0
1662832240.4435052872 0 0 0
1662832240.508980751 0 0 0
1662832240.5864412785 0 0 0
1662832240.6634659767 0 0 0
1662832240.7401680946 0 0 0
1662832240.8169331551 0 0 0
1662832240.8826870918 0 0 0
1662832240.959985733 0 0 0
1662832241.0375139713 0 0 0
1662832241.1034190655 0 0 0
1662832241.1802418232 0 0 0
1662832241.2570824623 0 0 0
1662832241.3341505527 0 0 0
1662832241.4113228321 0 0 0
1662832241.4886002541 0 0 0
1662832241.5543520451 0 0 0
1662832241.6203882694 0 0 0
1662832241.6971285343 0 0 0
1662832241.7743048668 0 0 0
1662832241.8511834145 0 0 0
1662832241.9284818172 0 0 0
1662832241.9937026501 0 0 0
1662832242.0707371235 0 0 0
1662832242.1477615833 0 0 0
1662832242.2141234875 0 0 0
1662832242.2912538052 0 0 0
1662832242.368598938 0 0 0
1662832242.4339492321 0 0 0
1662832242.5110666752 0 0 0
1662832242.5880024433 0 0 0
1662832242.6649539471 0 0 0
1662832242.7422764301 0 0 0
1662832242.8194870949 0 0 0
1662832242.8855097294 0 0 0
1662832242.9512870312 0 0 0
1662832243.0173678398 0 0 0
1662832243.0945627689 0 0 0
1662832243.1598780155 0 0 0
1662832243.2371900082 0 0 0
1662832243.3145296574 0 0 0
1662832243.3911423683 0 0 0
1662832243.4576191902 0 0 0
1662832243.5236141682 0 0 0
1662832243.5887334347 0 0 0
1662832243.6548757553 0 0 0
1662832243.7320952415 0 0 0
1662832243.8092532158 0 0 0
1662832243.8755583763 0 0 0
1662832243.9415175915 0 0 0
1662832244.0071046352 0 0 0
1662832244.0840771198 0 0 0
1662832244.161552906 0 0 0
1662832244.2273952961 0 0 0
1662832244.2931454182 0 0 0
1662832244.3697710037 0 0 0
1662832244.43618083 0 0 0
1662832244.5131800175 0 0 0
1662832244.589625597 0 0 0
1662832244.6565539837 0 0 0
1662832244.722414732 0 0 0
1662832244.7884733677 0 0 0
1662832244.8536887169 0 0 0
1662832244.9206733704 0 0 0
1662832244.9861540794 0 0 0
1662832245.062659502 0 0 0
1662832245.1296854019 0 0 0
1662832245.2058637142 0 0 0
1662832245.2721679211 0 0 0
1662832245.349686861 0 0 0
1662832245.414703846 0 0 0
1662832245.4813861847 0 0 0
1662832245.557956934 0 0 0
1662832245.6352670193 0 0 0
1662832245.7116441727 0 0 0
1662832245.7783255577 0 0 0
1662832245.844217062 0 0 0
1662832245.9206500053 0 0 0
1662832245.9874844551 0 0 0
1662832246.0530176163 0 0 0
1662832246.1297857761 0 0 0
1662832246.1957383156 0 0 0
1662832246.2625954151 0 0 0
1662832246.3281915188 0 0 0
1662832246.4049844742 0 0 0
1662832246.4821302891 0 0 0
1662832246.5591483116 0 0 0
1662832246.6255161762 0 0 0
1662832246.6915435791 0 0 0
1662832246.7576429844 0 0 0
1662832246.8228561878 0 0 0
1662832246.9006698132 0 0 0
1662832246.976706028 0 0 0
1662832247.0546607971 0 0 0
1662832247.1310837269 0 0 0
1662832247.2085108757 0 0 0
1662832247.2847435474 0 0 0
1662832247.3515441418 0 0 0
1662832247.4277849197 0 0 0
1662832247.494515419 0 0 0
1662832247.5599136353 0 0 0
1662832247.626190424 0 0 0
1662832247.7031655312 0 0 0
1662832247.7799088955 0 0 0
1662832247.8569307327 0 0 0
1662832247.9340598583 0 0 0
1662832248.0002713203 0 0 0
1662832248.0775165558 0 0 0
1662832248.1433587074 0 0 0
1662832248.2201068401 0 0 0
1662832248.2968242168 0 0 0
1662832248.3636884689 0 0 0
1662832248.4404072762 0 0 0
1662832248.5172307491 0 0 0
1662832248.5941362381 0 0 0
1662832248.6708927155 0 0 0
1662832248.7478277683 0 0 0
1662832248.8256382942 0 0 0
1662832248.8914005756 0 0 0
1662832248.9679698944 0 0 0
1662832249.0455904007 0 0 0
1662832249.1114318371 0 0 0
1662832249.1881155968 0 0 0
1662832249.264834404 0 0 0
1662832249.3316497803 0 0 0
1662832249.3974816799 0 0 0
1662832249.4737668037 0 0 0
1662832249.5514805317 0 0 0
1662832249.6284799576 0 0 0
1662832249.705753088 0 0 0
1662832249.7706964016 0 0 0
1662832249.8369586468 0 0 0
1662832249.9142041206 0 0 0
1662832249.9910390377 0 0 0
1662832250.0681695938 0 0 0
1662832250.1455476284 0 0 0
1662832250.2111268044 0 0 0
1662832250.2882323265 0 0 0
1662832250.365152359 0 0 0
1662832250.4427082539 0 0 0
1662832250.508767128 0 0 0
1662832250.5749061108 0 0 0
1662832250.6406652927 0 0 0
1662832250.7063229084 0 0 0
1662832250.7725298405 0 0 0
1662832250.8381352425 0 0 0
1662832250.9153831005 0 0 0
1662832250.9816362858 0 0 0
1662832251.047390461 0 0 0
1662832251.124206543 0 0 0
1662832251.2010493279 0 0 0
1662832251.2784533501 0 0 0
1662832251.3556537628 0 0 0
1662832251.4210875034 0 0 0
1662832251.4980602264 0 0 0
1662832251.5757191181 0 0 0
1662832251.6409084797 0 0 0
1662832251.7067415714 0 0 0
1662832251.7737641335 0 0 0
1662832251.8396778107 0 0 0
1662832251.9055953026 0 0 0
1662832251.9708702564 0 0 0
1662832252.0374724865 0 0 0
1662832252.1138131618 0 0 0
1662832252.1805994511 0 0 0
1662832252.2464137077 0 0 0
1662832252.3227570057 0 0 0
1662832252.400739193 0 0 0
1662832252.4666399956 0 0 0
1662832252.5325763226 0 0 0
1662832252.6092238426 0 0 0
1662832252.6864190102 0 0 0
1662832252.7633068562 0 0 0
1662832252.8293671608 0 0 0
1662832252.8954935074 0 0 0
1662832252.9617285728 0 0 0
1662832253.0270605087 0 0 0
1662832253.1041839123 0 0 0
1662832253.1814968586 0 0 0
1662832253.2475214005 0 0 0
1662832253.3136649132 0 0 0
1662832253.3795251846 0 0 0
1662832253.4560987949 0 0 0
1662832253.5329818726 0 0 0
1662832253.6108064651 0 0 0
1662832253.6758058071 0 0 0
1662832253.7420716286 0 0 0
1662832253.8197791576 0 0 0
1662832253.8853182793 0 0 0
1662832253.9619076252 0 0 0
1662832254.0287671089 0 0 0
1662832254.094060421 0 0 0
1662832254.160577774 0 0 0
1662832254.2260482311 0 0 0
1662832254.3032023907 0 0 0
1662832254.3798291683 0 0 0
1662832254.4578430653 0 0 0
1662832254.5229644775 0 0 0
1662832254.6004679203 0 0 0
1662832254.677601099 0 0 0
1662832254.7438132763 0 0 0
1662832254.8088285923 0 0 0
1662832254.8748738766 0 0 0
1662832254.9409782887 0 0 0
1662832255.0068714619 0 0 0
1662832255.0734007359 0 0 0
1662832255.149923563 0 0 0
1662832255.2278285027 0 0 0
1662832255.2937288284 0 0 0
1662832255.3588528633 0 0 0
1662832255.4359977245 0 0 0
1662832255.5130038261 0 0 0
1662832255.5789949894 0 0 0
1662832255.6448795795 0 0 0
1662832255.7110657692 0 0 0
1662832255.776992321 0 0 0
1662832255.8432731628 0 0 0
1662832255.9198093414 0 0 0
1662832255.9867022038 0 0 0
1662832256.0519275665 0 0 0
1662832256.1298565865 0 0 0
1662832256.1953077316 0 0 0
1662832256.2726359367 0 0 0
1662832256.3488826752 0 0 0
1662832256.4158611298 0 0 0
1662832256.4808473587 0 0 0
1662832256.5577626228 0 0 0
1662832256.624376297 0 0 0
1662832256.7011358738 0 0 0
1662832256.7780754566 0 0 0
1662832256.85521698 0 0 0
1662832256.9325041771 0 0 0
1662832256.998446703 0 0 0
1662832257.0649251938 0 0 0
1662832257.1300849915 0 0 0
1662832257.2069871426 0 0 0
1662832257.2736463547 0 0 0
1662832257.3508367538 0 0 0
1662832257.4161627293 0 0 0
1662832257.4935927391 0 0 0
1662832257.5702376366 0 0 0
1662832257.64742136 0 0 0
1662832257.7239871025 0 0 0
1662832257.8010847569 0 0 0
1662832257.8780825138 0 0 0
1662832257.9554901123 0 0 0
1662832258.0319178104 0 0 0
1662832258.0988211632 0 0 0
1662832258.1640379429 0 0 0
1662832258.2304093838 0 0 0
1662832258.3072440624 0 0 0
1662832258.3841640949 0 0 0
1662832258.4609396458 0 0 0
1662832258.5273239613 0 0 0
1662832258.6039607525 0 0 0
1662832258.6811921597 0 0 0
1662832258.7587864399 0 0 0
1662832258.8240113258 0 0 0
1662832258.9009113312 0 0 0
1662832258.977891922 0 0 0
1662832259.0439939499 0 0 0
1662832259.1217792034 0 0 0
1662832259.1875188351 0 0 0
1662832259.2538251877 0 0 0
1662832259.3194010258 0 0 0
1662832259.3850805759 0 0 0
1662832259.4508495331 0 0 0
1662832259.5178470612 0 0 0
1662832259.5940277576 0 0 0
1662832259.6709449291 0 0 0
1662832259.7369627953 0 0 0
1662832259.8149087429 0 0 0
1662832259.8911492825 0 0 0
1662832259.9679434299 0 0 0
1662832260.034497261 0 0 0
1662832260.1115207672 0 0 0
1662832260.1883969307 0 0 0
1662832260.2653489113 0 0 0
1662832260.3425002098 0 0 0
1662832260.4192364216 0 0 0
1662832260.4959924221 0 0 0
1662832260.5628845692 0 0 0
1662832260.6283307076 0 0 0
1662832260.6947388649 0 0 0
1662832260.7715439796 0 0 0
1662832260.848089695 0 0 0
1662832260.9250917435 0 0 0
1662832261.0029022694 0 0 0
1662832261.0679042339 0 0 0
1662832261.1348512173 0 0 0
1662832261.2000827789 0 0 0
1662832261.277307272 0 0 0
1662832261.3549547195 0 0 0
1662832261.4315392971 0 0 0
1662832261.5082771778 0 0 0
1662832261.5854871273 0 0 0
1662832261.6516129971 0 0 0
1662832261.7284913063 0 0 0
1662832261.8055782318 0 0 0
1662832261.8717899323 0 0 0
1662832261.9373631477 0 0 0
1662832262.0140404701 0 0 0
1662832262.0803747177 0 0 0
1662832262.157861948 0 0 0
1662832262.223025322 0 0 0
1662832262.2890150547 0 0 0
1662832262.3668048382 0 0 0
1662832262.4327795506 0 0 0
1662832262.4984915257 0 0 0
1662832262.574960947 0 0 0
1662832262.6414239407 0 0 0
1662832262.7189555168 0 0 0
1662832262.7839789391 0 0 0
1662832262.8618397713 0 0 0
1662832262.9380841255 0 0 0
1662832263.0042674541 0 0 0
1662832263.0811386108 0 0 0
1662832263.1478860378 0 0 0
1662832263.213632822 0 0 0
1662832263.2902839184 0 0 0
1662832263.3679420948 0 0 0
1662832263.4336764812 0 0 0
1662832263.4998004436 0 0 0
1662832263.5649175644 0 0 0
1662832263.6318426132 0 0 0
1662832263.697517395 0 0 0
1662832263.7740292549 0 0 0
1662832263.8408913612 0 0 0
1662832263.9068217278 0 0 0
1662832263.9725649357 0 0 0
1662832264.0384390354 0 0 0
1662832264.1152303219 0 0 0
1662832264.1919810772 0 0 0
1662832264.2585401535 0 0 0
1662832264.3359029293 0 0 0
1662832264.40184021 0 0 0
1662832264.4679076672 0 0 0
1662832264.5337569714 0 0 0
1662832264.6102585793 0 0 0
1662832264.6870458126 0 0 0
1662832264.7648413181 0 0 0
1662832264.8305535316 0 0 0
1662832264.9073801041 0 0 0
1662832264.9840524197 0 0 0
1662832265.050706625 0 0 0
1662832265.1166205406 0 0 0
1662832265.193375349 0 0 0
1662832265.2701835632 0 0 0
1662832265.3368954659 0 0 0
1662832265.4020338058 0 0 0
1662832265.4688305855 0 0 0
1662832265.5347101688 0 0 0
1662832265.6115167141 0 0 0
1662832265.6882205009 0 0 0
1662832265.7658033371 0 0 0
1662832265.8317747116 0 0 0
1662832265.8976848125 0 0 0
1662832265.9744405746 0 0 0
1662832266.0513899326 0 0 0
1662832266.1286454201 0 0 0
1662832266.2050795555 0 0 0
1662832266.2718067169 0 0 0
1662832266.3376648426 0 0 0
1662832266.4039492607 0 0 0
1662832266.4690804482 0 0 0
1662832266.5356953144 0 0 0
1662832266.6125710011 0 0 0
1662832266.6893806458 0 0 0
1662832266.7664542198 0 0 0
1662832266.8435671329 0 0 0
1662832266.9205300808 0 0 0
1662832266.997875452 0 0 0
1662832267.0638349056 0 0 0
1662832267.1294300556 0 0 0
1662832267.2063477039 0 0 0
1662832267.2727985382 0 0 0
1662832267.3496744633 0 0 0
1662832267.4159090519 0 0 0
1662832267.4818310738 0 0 0
1662832267.5478744507 0 0 0
1662832267.6140189171 0 0 0
1662832267.6790065765 0 0 0
1662832267.7569835186 0 0 0
1662832267.8224496841 0 0 0
1662832267.8993411064 0 0 0
1662832267.9770498276 0 0 0
1662832268.0430488586 0 0 0
1662832268.1089494228 0 0 0
1662832268.1740040779 0 0 0
1662832268.2515649796 0 0 0
1662832268.3289110661 0 0 0
1662832268.3943045139 0 0 0
1662832268.4610123634 0 0 0
1662832268.537127018 0 0 0
1662832268.6140224934 0 0 0
1662832268.6801877022 0 0 0
1662832268.7569963932 0 0 0
1662832268.8341498375 0 0 0
1662832268.9010145664 0 0 0
1662832268.9666891098 0 0 0
1662832269.043913126 0 0 0
1662832269.1090848446 0 0 0
1662832269.1750195026 0 0 0
1662832269.2522373199 0 0 0
1662832269.3182625771 0 0 0
1662832269.3951711655 0 0 0
1662832269.4612219334 0 0 0
1662832269.5279123783 0 0 0
1662832269.5936632156 0 0 0
1662832269.6701972485 0 0 0
1662832269.7360799313 0 0 0
1662832269.8029677868 0 0 0
1662832269.8682858944 0 0 0
1662832269.9453620911 0 0 0
1662832270.0231215954 0 0 0
1662832270.0888414383 0 0 0
1662832270.1658592224 0 0 0
1662832270.2427492142 0 0 0
1662832270.3193678856 0 0 0
1662832270.3964140415 0 0 0
1662832270.4735264778 0 0 0
1662832270.5502741337 0 0 0
1662832270.6170129776 0 0 0
1662832270.6829648018 0 0 0
1662832270.7479987144 0 0 0
1662832270.8141350746 0 0 0
1662832270.8910295963 0 0 0
1662832270.9573848248 0 0 0
1662832271.0234508514 0 0 0
1662832271.1000845432 0 0 0
1662832271.1661958694 0 0 0
1662832271.2430529594 0 0 0
1662832271.3208253384 0 0 0
1662832271.3861496449 0 0 0
1662832271.463309288 0 0 0
1662832271.5404663086 0 0 0
1662832271.6175506115 0 0 0
1662832271.6942062378 0 0 0
1662832271.7718482018 0 0 0
1662832271.8486819267 0 0 0
1662832271.9253180027 0 0 0
1662832272.0020537376 0 0 0
1662832272.0794153214 0 0 0
1662832272.1565065384 0 0 0
1662832272.2228975296 0 0 0
1662832272.2887706757 0 0 0
1662832272.3659245968 0 0 0
1662832272.4428927898 0 0 0
1662832272.5090887547 0 0 0
1662832272.5750098228 0 0 0
1662832272.6410293579 0 0 0
1662832272.7062871456 0 0 0
1662832272.7841565609 0 0 0
1662832272.8602206707 0 0 0
1662832272.9370391369 0 0 0
1662832273.0033845901 0 0 0
1662832273.0699651241 0 0 0
1662832273.1351873875 0 0 0
1662832273.2124943733 0 0 0
1662832273.2896854877 0 0 0
1662832273.3557107449 0 0 0
1662832273.4330191612 0 0 0
1662832273.4990708828 0 0 0
1662832273.5644204617 0 0 0
1662832273.6417462826 0 0 0
1662832273.7186186314 0 0 0
1662832273.7953062057 0 0 0
1662832273.8723802567 0 0 0
1662832273.9491512775 0 0 0
1662832274.0268719196 0 0 0
1662832274.103300333 0 0 0
1662832274.1701014042 0 0 0
1662832274.246622324 0 0 0
1662832274.3128039837 0 0 0
1662832274.3900749683 0 0 0
1662832274.4554648399 0 0 0
1662832274.5331254005 0 0 0
1662832274.6100592613 0 0 0
1662832274.6761474609 0 0 0
1662832274.7421507835 0 0 0
1662832274.8081221581 0 0 0
1662832274.873250246 0 0 0
1662832274.9505121708 0 0 0
1662832275.0275936127 0 0 0
1662832275.1046793461 0 0 0
1662832275.1701178551 0 0 0
1662832275.2472558022 0 0 0
1662832275.3244335651 0 0 0
1662832275.3906078339 0 0 0
1662832275.4670808315 0 0 0
1662832275.5444602966 0 0 0
1662832275.6213877201 0 0 0
1662832275.6983962059 0 0 0
1662832275.7761454582 0 0 0
1662832275.8531632423 0 0 0
1662832275.9184868336 0 0 0
1662832275.9845402241 0 0 0
1662832276.0614676476 0 0 0
1662832276.1392109394 0 0 0
1662832276.2153003216 0 0 0
1662832276.2811014652 0 0 0
1662832276.3590223789 0 0 0
1662832276.4249942303 0 0 0
1662832276.4911034107 0 0 0
1662832276.556088686 0 0 0
1662832276.6338157654 0 0 0
1662832276.7000358105 0 0 0
1662832276.7660748959 0 0 0
1662832276.8320331573 0 0 0
1662832276.8981106281 0 0 0
1662832276.9641535282 0 0 0
1662832277.0292174816 0 0 0
1662832277.1062097549 0 0 0
1662832277.1722362041 0 0 0
1662832277.2382380962 0 0 0
1662832277.3150887489 0 0 0
1662832277.3929686546 0 0 0
1662832277.4581906796 0 0 0
1662832277.5355494022 0 0 0
1662832277.6125400066 0 0 0
1662832277.6895170212 0 0 0
1662832277.7671685219 0 0 0
1662832277.83319664 0 0 0
1662832277.8991267681 0 0 0
1662832277.9651687145 0 0 0
1662832278.0310246944 0 0 0
1662832278.0972483158 0 0 0
1662832278.1630523205 0 0 0
1662832278.2392840385 0 0 0
1662832278.3061408997 0 0 0
