1661111000.0405654907 0 0 0
1661111000.1064007282 0 0 0
1661111000.1721849442 0 0 0
1661111000.2495806217 0 0 0
1661111000.3153970242 0 0 0
1661111000.3811841011 0 0 0
1661111000.4579064846 0 0 0
1661111000.5353660583 0 0 0
1661111000.6127967834 0 0 0
1661111000.6785254478 0 0 0
1661111000.7441999912 0 0 0
1661111000.8209457397 0 0 0
1661111000.8877909184 0 0 0
1661111000.9641962051 0 0 0
1661111001.0417349339 0 0 0
1661111001.1073610783 0 0 0
1661111001.1733281612 0 0 0
1661111001.2503809929 0 0 0
1661111001.3160555363 0 0 0
1661111001.3933281898 0 0 0
1661111001.4704215527 0 0 0
1661111001.5360643864 0 0 0
1661111001.6134705544 0.19000000000000000222 0 0
1661111001.6793069839 0.41999999999999998446 0 0
1661111001.7565147877 0.61999999999999999556 0 0
1661111001.82234478 0.8499999999999999778 0 0
1661111001.8996665478 1 0 0
1661111001.9652509689 1 0 0
1661111002.0319099426 1 0 0
1661111002.0976996422 1 0 0
1661111002.1632397175 1 0 0
1661111002.2404768467 1 0 0
1661111002.3061206341 1 0 0
1661111002.3833551407 1 0 0
1661111002.4490959644 1 0 0
1661111002.5264117718 1 0 0
1661111002.5921251774 1 0 0
1661111002.6692826748 1 0 0
1661111002.7465035915 1 0 0
1661111002.8123233318 0.85499999999999998224 0 0
1661111002.8891398907 0.90999999999999992006 0 0
1661111002.9664695263 0.92500000000000004441 0 0
1661111003.0321612358 0.8499999999999999778 0 0
1661111003.1092689037 0.9000000000000000222 0 0
1661111003.1870031357 0.94500000000000006217 0 0
1661111003.2524180412 1 0 0
1661111003.3180296421 0.9000000000000000222 0 0
1661111003.3954429626 0.78000000000000002665 0 0
1661111003.4614031315 0.65500000000000002665 0 0
1661111003.5384683609 0.60499999999999998224 0 0
1661111003.6042084694 0.57499999999999995559 0 0
1661111003.6813864708 0.64000000000000001332 0 0
1661111003.7587990761 0.66500000000000003553 0 0
1661111003.8249838352 0.43499999999999999778 0 0
1661111003.9012925625 0.63000000000000000444 0 0
1661111003.9784748554 0.70499999999999996003 0 0
1661111004.0449020863 0.6500000000000000222 0 0
1661111004.1211519241 0.61499999999999999112 0 0
1661111004.1983499527 0.56000000000000005329 0 0
1661111004.2641079426 0.66500000000000003553 0 0
1661111004.3419649601 0.74499999999999999556 0 0
1661111004.4181742668 0.95500000000000007105 0 0
1661111004.4951877594 0.82499999999999995559 0 0
1661111004.5722103119 0.74499999999999999556 0 0
1661111004.6494295597 0.69500000000000006217 0 0
1661111004.7152748108 0.66500000000000003553 0 0
1661111004.7922899723 0.73499999999999998668 0 0
1661111004.8696670532 0.56999999999999995115 0 0
1661111004.9354248047 0.33000000000000001554 0 0
1661111005.0013401508 0.14000000000000001332 0 0
1661111005.0786409378 0 0 0
1661111005.1553280354 0 0 0
1661111005.2327964306 0 0 0
1661111005.2983541489 0.14000000000000001332 0 0
1661111005.3757078648 0.3250000000000000111 0 0
1661111005.4413259029 0.46499999999999996891 0 0
1661111005.5071973801 0.59499999999999997335 0 0
1661111005.5848288536 0.74499999999999999556 0 0
1661111005.6503493786 0.92999999999999993783 0 0
1661111005.7276871204 0.96999999999999997335 0 0
1661111005.7934260368 0.78000000000000002665 0 0
1661111005.87083745 0.67000000000000003997 0 0
1661111005.9363424778 0.5999999999999999778 0 0
1661111006.0132296085 0.57000000000000006217 0 0
1661111006.0907611847 0.57000000000000006217 0 0
1661111006.1563498974 0.57000000000000006217 0 0
1661111006.233787775 0.56499999999999994671 0 0
1661111006.2996323109 0.6500000000000000222 0 0
1661111006.3651762009 0.71499999999999996891 0 0
1661111006.4425013065 0.52000000000000001776 0 0
1661111006.5197997093 0.28000000000000002665 0 0
1661111006.5854575634 0.25500000000000000444 0 0
1661111006.6517078876 0.4500000000000000111 0 0
1661111006.7173638344 0.63500000000000000888 0 0
1661111006.7946639061 0.63000000000000000444 0 0
1661111006.8604032993 0.67000000000000003997 0 0
1661111006.9263768196 0.69500000000000006217 0 0
1661111006.992213726 0.81499999999999994671 0 0
1661111007.0694832802 0.98999999999999999112 0 0
1661111007.1466805935 0.80499999999999993783 0 0
1661111007.2121832371 0.80500000000000004885 0 0
1661111007.2893640995 0.60999999999999998668 0 0
1661111007.3550031185 0.375 0 0
1661111007.4323661327 0.43500000000000005329 0 0
1661111007.4982104301 0.46999999999999997335 0 0
1661111007.575647831 0.33999999999999996891 0 0
1661111007.6412754059 0.41999999999999998446 0 0
1661111007.7189643383 0.35000000000000003331 0 0
1661111007.7952947617 0.115000000000000005 0 0
1661111007.8724627495 0.23000000000000000999 0 0
1661111007.9498026371 0.46500000000000007994 0 0
1661111008.0155982971 0.60499999999999998224 0 0
1661111008.0814006329 0.64000000000000001332 0 0
1661111008.1473042965 0.67000000000000003997 0 0
1661111008.2250497341 0.67000000000000003997 0 0
1661111008.3012742996 0.71999999999999997335 0 0
1661111008.3787834644 0.71499999999999996891 0 0
1661111008.4442501068 0.72999999999999998224 0 0
1661111008.521584034 0.67000000000000003997 0 0
1661111008.5874381065 0.65500000000000002665 0 0
1661111008.6534087658 0.56999999999999995115 0 0
1661111008.7191004753 0.60999999999999998668 0 0
1661111008.7963526249 0.68999999999999994671 0 0
1661111008.8733665943 0.72999999999999998224 0 0
1661111008.9399344921 0.95999999999999996447 0 0
1661111009.0055904388 0.98499999999999998668 0 0
1661111009.0714082718 1 0 0
1661111009.1372158527 0.98499999999999998668 0 0
1661111009.2144272327 0.90999999999999992006 0 0
1661111009.2804944515 0.80000000000000004441 0 0
1661111009.3461067677 0.9000000000000000222 0 0
1661111009.4232363701 0.8499999999999999778 0 0
1661111009.5005640984 0.76000000000000000888 0 0
1661111009.5663077831 0.71999999999999997335 0 0
1661111009.6436538696 0.72999999999999998224 0 0
1661111009.7091515064 0.89500000000000001776 0 0
1661111009.7866401672 1 0 0
1661111009.8524525166 1 0 0
1661111009.9183030128 1 0 0
1661111009.9951293468 1 0 0
1661111010.0726332664 1 0 0
1661111010.1385853291 1 0 0
1661111010.2157979012 1 0 0
1661111010.2813022137 1 0 0
1661111010.3587555885 1 0 0
1661111010.435403347 1 0 0
1661111010.5128445625 1 0 0
1661111010.5786633492 1 0 0
1661111010.6442832947 1 0 0
1661111010.7213354111 1 0 0
1661111010.7880277634 1 0 0
1661111010.8535630703 1 0 0
1661111010.9191920757 1 0 0
1661111010.9964232445 1 0 0
1661111011.0736148357 1 0 0
1661111011.1394684315 1 0 0
1661111011.2166593075 1 0 0
1661111011.2822077274 1 0 0
1661111011.3594534397 1 0 0
1661111011.4368233681 1 0 0
1661111011.5026762486 1 0 0
1661111011.568523407 1 0 0
1661111011.6458010674 1 0 0
1661111011.7113301754 1 0 0
1661111011.7884106636 1 0 0
1661111011.8659250736 1 0 0
1661111011.9316673279 1 0 0
1661111011.9972782135 1 0 0
1661111012.0744841099 1 0 0
1661111012.1517486572 1 0 0
1661111012.2173304558 1 0 0
1661111012.2946045399 1 0 0
1661111012.3603048325 1 0 0
1661111012.4260985851 1 0 0
1661111012.5033128262 1 0 0
1661111012.5803148746 1 0 0
1661111012.6574494839 1 0 0
1661111012.7349452972 1 0 0
1661111012.8005785942 1 0 0
1661111012.8662757874 1 0 0
1661111012.9436182976 1 0 0
1661111013.0094723701 1 0 0
1661111013.0868701935 1 0 0
1661111013.1524381638 0.76000000000000000888 0 0
1661111013.2298099995 0.56000000000000005329 0 0
1661111013.295466423 0.34000000000000002442 0 0
1661111013.3723695278 0.14000000000000001332 0 0
1661111013.4499647617 0 0 0
1661111013.5160136223 0 0 0
1661111013.5927345753 0 0 0
1661111013.6584279537 0 0 0
1661111013.7356898785 0 0 0
1661111013.8014423847 0 0 0
1661111013.8784813881 0 0 0
1661111013.9558520317 0 0 0
1661111014.0215280056 0 0 0
1661111014.0874047279 0 0 0
1661111014.1646780968 0 0 0
1661111014.2304205894 0 0 0
1661111014.3078811169 0 0 0
1661111014.3737192154 0 0 0
1661111014.4395053387 0 0 0
1661111014.5052819252 0 0 0
1661111014.5830008984 0 0 0
1661111014.6487827301 0 0 0
1661111014.7145600319 0 0 0
1661111014.7811160088 0 0 0
1661111014.8574032784 0 0 0
1661111014.934910059 0 0 0
1661111015.00061059 0 0 0
1661111015.0664162636 0 0 0
1661111015.1436078548 0 0 0
1661111015.2208607197 0 0 0
1661111015.2865304947 0 0 0
1661111015.3639175892 0 0 0
1661111015.4297857285 0 0 0
1661111015.4956026077 0 0 0
1661111015.5614187717 0 0 0
1661111015.6386151314 0 0 0
1661111015.7151112556 0 0 0
1661111015.7925438881 0 0 0
1661111015.8697202206 0 0 0
1661111015.9353506565 0 0 0
1661111016.0125355721 0 0 0
1661111016.0783612728 0 0 0
1661111016.1558089256 0 0 0
1661111016.2218279839 0 0 0
1661111016.2876355648 0 0 0
1661111016.3533432484 0 0 0
1661111016.4305503368 0 0 0
1661111016.4961724281 0 0 0
1661111016.5737061501 0 0 0
1661111016.6391713619 0 0 0
1661111016.7165257931 0 0 0
1661111016.7825841904 0 0 0
1661111016.8484759331 0 0 0
1661111016.9257555008 0 0 0
1661111016.9919114113 0 0 0
1661111017.0577521324 0 0 0
1661111017.1233148575 0 0 0
1661111017.2009584904 0 0 0
1661111017.2668142319 0 0 0
1661111017.3325767517 0 0 0
1661111017.4098925591 0 0 0
1661111017.4755349159 0 0 0
1661111017.541223526 0 0 0
1661111017.6077134609 0 0 0
1661111017.673542738 0 0 0
1661111017.7394168377 0 0 0
1661111017.8167972565 0 0 0
1661111017.8825821877 0 0 0
1661111017.9483458996 0 0 0
1661111018.0257344246 0 0 0
1661111018.0915017128 0 0 0
1661111018.1686892509 0 0 0
1661111018.2343816757 0 0 0
1661111018.3114929199 0 0 0
1661111018.3890998363 0 0 0
1661111018.4548530579 0 0 0
1661111018.5204310417 0 0 0
1661111018.5975534916 0 0 0
1661111018.6748590469 0 0 0
1661111018.7404425144 0 0 0
1661111018.8176229 0 0 0
1661111018.8832979202 0 0 0
1661111018.9603145123 0 0 0
1661111019.0376355648 0 0 0
1661111019.1147119999 0 0 0
1661111019.1803035736 0 0 0
1661111019.2575879097 0 0 0
1661111019.3233087063 0 0 0
1661111019.400742054 0 0 0
1661111019.4664931297 0 0 0
1661111019.5323729515 0 0 0
1661111019.6095311642 0 0 0
1661111019.6868472099 0 0 0
1661111019.7527265549 0 0 0
1661111019.8184921741 0 0 0
1661111019.8958959579 0 0 0
1661111019.962903738 0 0 0
1661111020.0275139809 0 0 0
1661111020.0935525894 0 0 0
1661111020.1594913006 0 0 0
1661111020.2366330624 0 0 0
1661111020.3023576736 0 0 0
1661111020.3798401356 0 0 0
1661111020.4457364082 0 0 0
1661111020.5113482475 0 0 0
1661111020.5885317326 0 0 0
1661111020.6543157101 0 0 0
1661111020.7317450047 0 0 0
1661111020.7974078655 0 0 0
1661111020.8747704029 0 0 0
1661111020.9519314766 0 0 0
1661111021.017591238 0 0 0
1661111021.0834169388 0 0 0
1661111021.1608057022 0 0 0
1661111021.226549387 0 0 0
1661111021.3038771152 0 0 0
1661111021.369695425 0 0 0
1661111021.43527174 0 0 0
1661111021.5127239227 0 0 0
1661111021.5895352364 0 0 0
1661111021.6667120457 0 0 0
1661111021.7322645187 0 0 0
1661111021.8097925186 0 0 0
1661111021.8758997917 0 0 0
1661111021.9418056011 0 0 0
1661111022.0075242519 0 0 0
1661111022.0849928856 0 0 0
1661111022.150967598 0 0 0
1661111022.2167184353 0 0 0
1661111022.2941484451 0 0 0
1661111022.3600363731 0 0 0
1661111022.4259831905 0 0 0
1661111022.4916677475 0 0 0
1661111022.5575115681 0 0 0
1661111022.6237361431 0 0 0
1661111022.7006466389 0 0 0
1661111022.766418457 0 0 0
1661111022.8329949379 0 0 0
1661111022.8991208076 0 0 0
1661111022.9651162624 0 0 0
1661111023.031232357 0 0 0
1661111023.0962278843 0 0 0
1661111023.1630666256 0 0 0
1661111023.2290673256 0 0 0
1661111023.2951366901 0 0 0
1661111023.3604056835 0 0 0
1661111023.4266316891 0 0 0
1661111023.4932541847 0 0 0
1661111023.5591924191 0 0 0
1661111023.625289917 0 0 0
1661111023.6912586689 0 0 0
