1652326299.9364013672 0 0 0
1652326300.0346508026 0 0 0
1652326300.1344978809 0 0 0
1652326300.2328646183 0 0 0
1652326300.3320870399 0 0 0
1652326300.4310829639 0 0 0
1652326300.5297687054 0 0 0
1652326300.6286513805 0 0 0
1652326300.7285187244 0 0 0
1652326300.8385026455 0 0 0
1652326300.9373245239 0 0 0
1652326301.0362055302 0 0 0
1652326301.1353263855 0 0 0
1652326301.2340495586 0 0 0
1652326301.3330276012 0 0 0
1652326301.4321203232 0 0 0
1652326301.5306107998 0 0 0
1652326301.630058527 0 0 0
1652326301.7291893959 0 0 0
1652326301.828281641 0 0 0
1652326301.9378967285 0 0 0
1652326302.036659956 0 0 0
1652326302.1364076138 0 0 0
1652326302.2352666855 0 0 0
1652326302.334467411 0 0 0
1652326302.4328668118 0 0 0
1652326302.5321831703 0 0 0
1652326302.6312491894 0 0 0
1652326302.7297303677 0 0 0
1652326302.829190731 0 0 0
1652326302.9281842709 0 0 0
1652326303.0270116329 0 0 0
1652326303.1374740601 0 0 0
1652326303.2355840206 0 0 0
1652326303.3355107307 0 0 0
1652326303.4343316555 0 0 0
1652326303.5333724022 0 0 0
1652326303.6323034763 0 0 0
1652326303.7312269211 0 0 0
1652326303.8301193714 0 0 0
1652326303.9286463261 0 0 0
1652326304.0279903412 0 0 0
1652326304.1381428242 0 0 0
1652326304.2374298573 0 0 0
1652326304.3364026546 0 0 0
1652326304.435475111 0 0 0
1652326304.5335898399 0 0 0
1652326304.6333968639 0 0 0
1652326304.7320401669 0 0 0
1652326304.8313217163 0 0 0
1652326304.9301733971 0 0 0
1652326305.0291516781 0 0 0
1652326305.1286029816 0 0 0
1652326305.2269361019 0 0 0
1652326305.337220192 0 0 0
1652326305.4359579086 0 0 0
1652326305.5354864597 0 0 0
1652326305.6341855526 0 0 0
1652326305.7332577705 0 0 0
1652326305.8324139118 0 0 0
1652326305.931126833 0 0 0
1652326306.0302958488 0 0 0
1652326306.1292526722 0 0 0
1652326306.2281210423 0 0 0
1652326306.3269891739 0 0 0
1652326306.4368815422 0 0 0
1652326306.5364873409 0 0 0
1652326306.6355569363 0 0 0
1652326306.7343902588 0 0 0
1652326306.8333759308 0 0 0
1652326306.9324271679 0 0 0
1652326307.031283617 0 0 0
1652326307.1304659843 0 0 0
1652326307.2291219234 0 0 0
1652326307.3275825977 0 0 0
1652326307.4270308018 0 0 0
1652326307.537566185 0 0 0
1652326307.6360838413 0 0 0
1652326307.7347853184 0 0 0
1652326307.8346095085 0 0 0
1652326307.933398962 0 0 0
1652326308.0322713852 0.2999999999999999889 0 0
1652326308.1307044029 0.59499999999999997335 0 0
1652326308.229850769 0.625 0 0
1652326308.3296289444 0.58999999999999996891 0 0
1652326308.4278998375 0.58499999999999996447 0 0
1652326308.5386154652 0.60499999999999998224 0 0
1652326308.6375834942 0.64000000000000001332 0 0
1652326308.7365279198 0.7249999999999999778 0 0
1652326308.8352994919 0.94999999999999995559 0 0
1652326308.9342415333 1 0 0
1652326309.0333790779 1 0 0
1652326309.1323411465 1 0 0
1652326309.2311971188 1 0 0
1652326309.3301789761 0.82000000000000006217 0 0
1652326309.4290094376 0.68999999999999994671 0 0
1652326309.5287029743 0.68999999999999994671 0 0
1652326309.6270291805 0.74499999999999999556 0 0
1652326309.7372145653 0.75 0 0
1652326309.8361012936 0.75 0 0
1652326309.9355137348 0.88000000000000000444 0 0
1652326310.0343985558 1 0 0
1652326310.1333277225 1 0 0
1652326310.2323596478 0.95500000000000007105 0 0
1652326310.3310976028 0.94500000000000006217 0 0
1652326310.43013978 0.94500000000000006217 0 0
1652326310.5292336941 0.94500000000000006217 0 0
1652326310.6281406879 0.94500000000000006217 0 0
1652326310.7274303436 0.94500000000000006217 0 0
1652326310.8374638557 0.94500000000000006217 0 0
1652326310.9361844063 0.7249999999999999778 0 0
1652326311.0346434116 0.65500000000000002665 0 0
1652326311.134380579 0.65500000000000002665 0 0
1652326311.2332897186 0.65500000000000002665 0 0
1652326311.3322355747 0.65500000000000002665 0 0
1652326311.4307019711 0.65500000000000002665 0 0
1652326311.5301876068 0.76000000000000000888 0 0
1652326311.6290569305 0.89500000000000001776 0 0
1652326311.7280209064 0.89500000000000001776 0 0
1652326311.8270020485 1 0 0
1652326311.9367051125 1 0 0
1652326312.036429882 1 0 0
1652326312.1355364323 1 0 0
1652326312.2344026566 1 0 0
1652326312.333366394 1 0 0
1652326312.4322986603 1 0 0
1652326312.5311150551 1 0 0
1652326312.6300542355 0.92500000000000004441 0 0
1652326312.7290291786 0.81499999999999994671 0 0
1652326312.8287072182 0.81499999999999994671 0 0
1652326312.9278080463 0.81499999999999994671 0 0
1652326313.0374605656 0.81499999999999994671 0 0
1652326313.1363563538 0.81499999999999994671 0 0
1652326313.2355029583 0.81499999999999994671 0 0
1652326313.334269762 0.81499999999999994671 0 0
1652326313.4336149693 0.82499999999999995559 0 0
1652326313.5319955349 0.82499999999999995559 0 0
1652326313.630843401 0.82499999999999995559 0 0
1652326313.7297542095 0.82499999999999995559 0 0
1652326313.8295068741 0.82499999999999995559 0 0
1652326313.9276764393 0.81499999999999994671 0 0
1652326314.0276451111 0.81499999999999994671 0 0
1652326314.137419939 0.81499999999999994671 0 0
1652326314.2362346649 0.81499999999999994671 0 0
1652326314.3351783752 0.82499999999999995559 0 0
1652326314.434037447 0.81499999999999994671 0 0
1652326314.5329239368 0.81499999999999994671 0 0
1652326314.631834507 0.81499999999999994671 0 0
1652326314.7311031818 0.81499999999999994671 0 0
1652326314.8297789097 0.81499999999999994671 0 0
1652326314.9297816753 0.81499999999999994671 0 0
1652326315.0283915997 0.81000000000000005329 0 0
1652326315.126783371 0.69500000000000006217 0 0
1652326315.2373571396 0.67000000000000003997 0 0
1652326315.3363428116 0.67000000000000003997 0 0
1652326315.4350936413 0.67000000000000003997 0 0
1652326315.5343952179 0.67000000000000003997 0 0
1652326315.6331365108 0.67000000000000003997 0 0
1652326315.7319858074 0.80000000000000004441 0 0
1652326315.8307881355 0.81499999999999994671 0 0
1652326315.9298524857 0.875 0 0
1652326316.0288865566 0.86999999999999999556 0 0
1652326316.1286985874 0.86999999999999999556 0 0
1652326316.227602005 1 0 0
1652326316.3374073505 1 0 0
1652326316.4360325336 0.88000000000000000444 0 0
1652326316.5350937843 0.85499999999999998224 0 0
1652326316.6343076229 0.85999999999999987566 0 0
1652326316.7330286503 0.72999999999999998224 0 0
1652326316.8320515156 0.625 0 0
1652326316.9308803082 0.57000000000000006217 0 0
1652326317.0298604965 0.56000000000000005329 0 0
1652326317.1288151741 0.55500000000000004885 0 0
1652326317.2285392284 0.55500000000000004885 0 0
1652326317.3269457817 0.56000000000000005329 0 0
1652326317.4374947548 0.56000000000000005329 0 0
1652326317.5361862183 0.56499999999999994671 0 0
1652326317.635168314 0.56499999999999994671 0 0
1652326317.7347040176 0.56499999999999994671 0 0
1652326317.8332440853 0.57000000000000006217 0 0
1652326317.932299614 0.57000000000000006217 0 0
1652326318.0307855606 0.57000000000000006217 0 0
1652326318.1307270527 0.57000000000000006217 0 0
1652326318.2295534611 0.5999999999999999778 0 0
1652326318.3285346031 0.5999999999999999778 0 0
1652326318.4269719124 0.72999999999999998224 0 0
1652326318.5374572277 0.95500000000000007105 0 0
1652326318.6366598606 1 0 0
1652326318.7352807522 1 0 0
1652326318.8339269161 0.99499999999999999556 0 0
1652326318.9333341122 0.80000000000000004441 0 0
1652326319.0321671963 0.79499999999999992895 0 0
