1661718536.0844173431 0 0 0
1661718536.1617937088 0 0 0
1661718536.2276563644 0 0 0
1661718536.2933831215 0 0 0
1661718536.3704764843 0 0 0
1661718536.4478960037 0 0 0
1661718536.5244824886 0 0 0
1661718536.6017513275 0 0 0
1661718536.6674828529 0 0 0
1661718536.7446358204 0 0 0
1661718536.8101568222 0 0 0
1661718536.8872084618 0 0 0
1661718536.9642906189 0 0 0
1661718537.0420675278 0 0 0
1661718537.1077651978 0 0 0
1661718537.1735038757 0 0 0
1661718537.2507936954 0 0 0
1661718537.3273267746 0 0 0
1661718537.4046053886 0 0 0
1661718537.4818155766 0 0 0
1661718537.5474004745 0 0 0
1661718537.6246244907 0 0 0
1661718537.6901962757 0 0 0
1661718537.7674939632 0 0 0
1661718537.8443124294 0 0 0
1661718537.9213664532 0 0 0
1661718537.998390913 0 0 0
1661718538.0756523609 0 0 0
1661718538.1530315876 0 0 0
1661718538.229393959 0 0 0
1661718538.3067786694 0 0 0
1661718538.3840019703 0 0 0
1661718538.4496340752 0 0 0
1661718538.5269341469 0 0 0
1661718538.5924942493 0 0 0
1661718538.6697225571 0 0 0
1661718538.7470841408 0 0 0
1661718538.8130977154 0 0 0
1661718538.8788154125 0 0 0
1661718538.9442725182 0 0 0
1661718539.0215861797 0 0 0
1661718539.0873241425 0 0 0
1661718539.1538712978 -0.02999999999999999889 0 0
1661718539.2194027901 0 0 0
1661718539.2966563702 0 0 0
1661718539.3622517586 0 0 0
1661718539.4399862289 0 0 0
1661718539.516628027 0 0 0
1661718539.5939509869 0 0 0
1661718539.6593277454 0 0 0
1661718539.7366027832 0 0 0
1661718539.8025119305 0 0 0
1661718539.8796534538 0 0 0
1661718539.9567017555 0 0 0
1661718540.0226848125 0 0 0
1661718540.0890843868 0.19500000000000000666 0 0
1661718540.1548247337 0 0 0
1661718540.220416069 0 0 0
1661718540.2975316048 0 0 0
1661718540.3748135567 0 0 0
1661718540.4406118393 0 0 0
1661718540.5062439442 0 0 0
1661718540.5729928017 0.075000000000000011102 0 0
1661718540.649364233 0 0 0
1661718540.7262735367 0 0 0
1661718540.7928876877 0 0 0
1661718540.8584768772 0 0 0
1661718540.9357671738 0 0 0
1661718541.001581192 0 0 0
1661718541.0786311626 0.14500000000000001776 0 0
1661718541.1557667255 0 0 0
1661718541.2214720249 0 0 0
1661718541.2985770702 0 0 0
1661718541.3651969433 0 0 0
1661718541.4303109646 0 0 0
1661718541.5074768066 0 0 0
1661718541.5843374729 0 0 0
1661718541.6616203785 0 0 0
1661718541.7277226448 0.22999999999999998224 0 0
1661718541.7936975956 0.41999999999999998446 0 0
1661718541.8593192101 0.61999999999999999556 0 0
1661718541.9367301464 0.81999999999999995115 0 0
1661718542.0028719902 1 0 0
1661718542.0683610439 1 0 0
1661718542.1455192566 1 0 0
1661718542.2231345177 1 0 0
1661718542.2888922691 0.89500000000000001776 0 0
1661718542.3552269936 0.89500000000000001776 0 0
1661718542.4319658279 0.89500000000000001776 0 0
1661718542.4979450703 0.88000000000000000444 0 0
1661718542.5635094643 0.88000000000000000444 0 0
1661718542.6407690048 0.88000000000000000444 0 0
1661718542.7177774906 0.93999999999999994671 0 0
1661718542.7833840847 1 0 0
1661718542.8605751991 1 0 0
1661718542.9378478527 1 0 0
1661718543.0035581589 1 0 0
1661718543.0693826675 1 0 0
1661718543.1469407082 1 0 0
1661718543.2129392624 1 0 0
1661718543.2786822319 1 0 0
1661718543.3452112675 1 0 0
1661718543.4221842289 1 0 0
1661718543.4879653454 1 0 0
1661718543.5535926819 1 0 0
1661718543.619325161 1 0 0
1661718543.6964247227 1 0 0
1661718543.7735946178 1 0 0
1661718543.8393588066 1 0 0
1661718543.9170587063 1 0 0
1661718543.9830102921 1 0 0
1661718544.0487558842 0.99499999999999999556 0 0
1661718544.11444664 0.96999999999999997335 0 0
1661718544.1917066574 0.92999999999999993783 0 0
1661718544.2578613758 0.88000000000000000444 0 0
1661718544.3237416744 0.78000000000000002665 0 0
1661718544.4010362625 0.67000000000000003997 0 0
1661718544.4664819241 0.65500000000000002665 0 0
1661718544.5437498093 0.65500000000000002665 0 0
1661718544.6096539497 0.65500000000000002665 0 0
1661718544.6868109703 0.65500000000000002665 0 0
1661718544.7526171207 0.68999999999999994671 0 0
1661718544.8300817013 0.68999999999999994671 0 0
1661718544.9067184925 0.68999999999999994671 0 0
1661718544.983934164 0.64000000000000001332 0 0
1661718545.0498723984 0.60999999999999998668 0 0
1661718545.1156086922 0.60499999999999998224 0 0
1661718545.1928684711 0.58999999999999996891 0 0
1661718545.2697196007 0.57999999999999996003 0 0
1661718545.3469786644 0.57999999999999996003 0 0
1661718545.41258955 0.56499999999999994671 0 0
1661718545.4898893833 0.57000000000000006217 0 0
1661718545.5555739403 0.57000000000000006217 0 0
1661718545.6328492165 0.57000000000000006217 0 0
1661718545.6984658241 0.57000000000000006217 0 0
1661718545.7758870125 0.55000000000000004441 0 0
1661718545.8413598537 0.4749999999999999778 0 0
1661718545.9184920788 0.43499999999999999778 0 0
1661718545.9960653782 0.26500000000000001332 0 0
1661718546.0619180202 0.029999999999999985012 0 0
1661718546.1282007694 -0.16000000000000000333 0 0
1661718546.1941559315 -0.35999999999999993117 0 0
1661718546.2597279549 -0.56000000000000005329 0 0
1661718546.3369538784 -0.76000000000000000888 0 0
1661718546.4134812355 -0.98999999999999999112 0 0
1661718546.4903111458 -1 0 0
1661718546.5676994324 -1 0 0
1661718546.6333105564 -1 0 0
1661718546.7112364769 -0.82499999999999995559 0 0
1661718546.7767622471 -0.69500000000000006217 0 0
1661718546.8431689739 -0.69500000000000006217 0 0
1661718546.9085686207 -0.7249999999999999778 0 0
1661718546.9855430126 -0.61999999999999999556 0 0
1661718547.0631554127 -0.57000000000000006217 0 0
1661718547.1284880638 -0.57000000000000006217 0 0
1661718547.2056901455 -0.64000000000000001332 0 0
1661718547.2712626457 -0.73999999999999999112 0 0
1661718547.3379688263 -0.70999999999999996447 0 0
1661718547.4036946297 -0.70999999999999996447 0 0
1661718547.4812958241 -0.66000000000000003109 0 0
1661718547.5577180386 -0.53500000000000003109 0 0
1661718547.6348085403 -0.44000000000000000222 0 0
1661718547.7007796764 -0.48999999999999999112 0 0
1661718547.7779843807 -0.53500000000000003109 0 0
1661718547.8438169956 -0.57000000000000006217 0 0
1661718547.9095156193 -0.57000000000000006217 0 0
1661718547.9867932796 -0.5999999999999999778 0 0
1661718548.0637073517 -0.70499999999999996003 0 0
1661718548.1408810616 -0.85499999999999998224 0 0
1661718548.206946373 -0.92500000000000004441 0 0
1661718548.2733075619 -0.76500000000000001332 0 0
1661718548.3390452862 -0.66500000000000003553 0 0
1661718548.4044384956 -0.60999999999999998668 0 0
1661718548.4815170765 -0.61499999999999999112 0 0
1661718548.5588290691 -0.61999999999999999556 0 0
1661718548.624311924 -0.72999999999999998224 0 0
1661718548.7015554905 -0.83000000000000007105 0 0
1661718548.7787833214 -0.83000000000000007105 0 0
1661718548.8561885357 -1 0 0
1661718548.9327542782 -0.80000000000000004441 0 0
1661718549.0100493431 -0.66500000000000003553 0 0
1661718549.0756337643 -0.58499999999999996447 0 0
1661718549.1413841248 -0.57000000000000006217 0 0
1661718549.2188849449 -0.59499999999999997335 0 0
1661718549.284526825 -0.57000000000000006217 0 0
1661718549.361764431 -0.36499999999999999112 0 0
1661718549.4275028706 -0.14000000000000001332 0 0
1661718549.5050132275 0 0 0
1661718549.5707519054 0 0 0
1661718549.6481666565 0 0 0
1661718549.7137203217 0 0 0
1661718549.7908997536 0 0 0
1661718549.8566429615 0 0 0
1661718549.9339029789 0 0 0
1661718549.9994630814 0 0 0
1661718550.0770249367 0 0 0
1661718550.1428906918 0 0 0
1661718550.2200264931 0 0 0
1661718550.2853145599 0 0 0
1661718550.362632513 0 0 0
1661718550.4398620129 0 0 0
1661718550.5055794716 0 0 0
1661718550.5831305981 0 0 0
1661718550.6488485336 0 0 0
1661718550.7143220901 0 0 0
1661718550.7917215824 0 0 0
1661718550.8690383434 0 0 0
1661718550.9349522591 0 0 0
1661718551.0006263256 0 0 0
1661718551.0779213905 0 0 0
1661718551.1434955597 0.23000000000000000999 0 0
1661718551.2206375599 0.41999999999999998446 0 0
1661718551.2978093624 0.65499999999999991562 0 0
1661718551.3750367165 0.89000000000000001332 0 0
1661718551.4407193661 1 0 0
1661718551.5064630508 1 0 0
1661718551.5838065147 1 0 0
1661718551.661021471 1 0 0
1661718551.7266094685 1 0 0
1661718551.8036689758 1 0 0
1661718551.8809700012 1 0 0
1661718551.946583271 1 0 0
1661718552.0239465237 1 0 0
1661718552.0895800591 1 0 0
1661718552.1669740677 1 0 0
1661718552.2324168682 1 0 0
1661718552.3098394871 1 0 0
1661718552.3753402233 1 0 0
1661718552.4526083469 1 0 0
1661718552.5297646523 1 0 0
1661718552.6068017483 1 0 0
1661718552.6728587151 1 0 0
1661718552.7495331764 1 0 0
1661718552.8272893429 1 0 0
1661718552.8928546906 1 0 0
1661718552.9586634636 1 0 0
1661718553.0358235836 1 0 0
1661718553.112842083 1 0 0
1661718553.1789424419 1 0 0
1661718553.2444674969 1 0 0
1661718553.3216671944 1 0 0
1661718553.3993353844 1 0 0
1661718553.4651098251 1 0 0
1661718553.5308098793 1 0 0
1661718553.6079313755 1 0 0
1661718553.6738626957 0.98499999999999998668 0 0
1661718553.7398693562 0.96999999999999997335 0 0
1661718553.8055546284 0.94500000000000006217 0 0
1661718553.8826429844 0.94500000000000006217 0 0
1661718553.9597723484 0.93999999999999994671 0 0
1661718554.0263814926 0.92999999999999993783 0 0
1661718554.1023979187 0.90999999999999992006 0 0
1661718554.179910183 0.9000000000000000222 0 0
1661718554.2454600334 0.91500000000000003553 0 0
1661718554.3227958679 0.89000000000000001332 0 0
1661718554.3887999058 0.875 0 0
1661718554.4550197124 0.875 0 0
1661718554.5205409527 0.875 0 0
1661718554.5979752541 0.875 0 0
1661718554.663621664 0.875 0 0
1661718554.7409334183 0.875 0 0
1661718554.8179073334 0.86499999999999999112 0 0
1661718554.8839793205 0.83000000000000007105 0 0
1661718554.9497888088 0.72999999999999998224 0 0
1661718555.0268745422 0.63500000000000000888 0 0
1661718555.0928118229 0.57000000000000006217 0 0
1661718555.1591696739 0.57000000000000006217 0 0
1661718555.2246849537 0.57000000000000006217 0 0
1661718555.3022208214 0.57000000000000006217 0 0
1661718555.3679785728 0.57000000000000006217 0 0
1661718555.4336981773 0.57000000000000006217 0 0
1661718555.5003702641 0.55000000000000004441 0 0
1661718555.576341629 0.49499999999999999556 0 0
1661718555.6539587975 0.41999999999999998446 0 0
1661718555.7197988033 0.32000000000000006217 0 0
1661718555.7974355221 0.29000000000000003553 0 0
1661718555.8736035824 0.07499999999999990008 0 0
1661718555.9508192539 0.29000000000000003553 0 0
1661718556.0280098915 0.070000000000000034417 0 0
1661718556.0936682224 0 0 0
1661718556.1711702347 0 0 0
1661718556.2370011806 0 0 0
1661718556.3028450012 0 0 0
1661718556.368534565 0 0 0
1661718556.445843935 -0.19500000000000000666 0 0
1661718556.5241034031 -0.4249999999999999889 0 0
1661718556.5887753963 -0.53000000000000002665 0 0
1661718556.6661303043 -0.59499999999999997335 0 0
1661718556.732155323 -0.60499999999999998224 0 0
1661718556.7979252338 -0.60499999999999998224 0 0
1661718556.8754360676 -0.68500000000000005329 0 0
1661718556.9515147209 -0.76500000000000001332 0 0
1661718557.0287232399 -0.53000000000000002665 0 0
1661718557.1055736542 -0.2999999999999999889 0 0
1661718557.1716411114 -0.53500000000000003109 0 0
1661718557.2493767738 -0.7249999999999999778 0 0
1661718557.3257462978 -0.86499999999999999112 0 0
1661718557.4026536942 -0.86499999999999999112 0 0
1661718557.4800095558 -0.76000000000000000888 0 0
1661718557.5460319519 -0.53000000000000002665 0 0
1661718557.6116700172 -0.33000000000000001554 0 0
1661718557.6889972687 -0.14000000000000001332 0 0
1661718557.7660610676 0 0 0
1661718557.8320026398 -0.23000000000000000999 0 0
1661718557.8978726864 -0.41999999999999998446 0 0
1661718557.9635579586 -0.61999999999999999556 0 0
1661718558.0406320095 -0.81999999999999995115 0 0
1661718558.1178090572 -1 0 0
1661718558.19460392 -1 0 0
1661718558.2717823982 -0.99499999999999999556 0 0
1661718558.3491766453 -0.86499999999999999112 0 0
1661718558.4151113033 -0.82000000000000006217 0 0
1661718558.4814140797 -0.74499999999999999556 0 0
1661718558.5474030972 -0.64000000000000001332 0 0
1661718558.6238803864 -0.57999999999999996003 0 0
1661718558.689479351 -0.57999999999999996003 0 0
1661718558.7672438622 -0.57999999999999996003 0 0
1661718558.8328943253 -0.57999999999999996003 0 0
1661718558.9096333981 -0.58499999999999996447 0 0
1661718558.975625515 -0.67999999999999993783 0 0
1661718559.0424864292 -0.80000000000000004441 0 0
1661718559.118639946 -0.95999999999999996447 0 0
1661718559.1848955154 -0.98499999999999998668 0 0
1661718559.2614262104 -0.9000000000000000222 0 0
1661718559.3392772675 -0.8499999999999999778 0 0
1661718559.4050071239 -0.84499999999999997335 0 0
1661718559.4816040993 -0.72999999999999998224 0 0
1661718559.558942318 -0.76500000000000001332 0 0
1661718559.6249768734 -0.53000000000000002665 0 0
1661718559.6908183098 -0.34000000000000002442 0 0
1661718559.7677416801 -0.14000000000000001332 0 0
1661718559.8337430954 0 0 0
1661718559.9114565849 0 0 0
1661718559.9876515865 0 0 0
1661718560.06468153 0 0 0
1661718560.1420271397 0 0 0
1661718560.2078616619 0 0 0
1661718560.2851660252 0 0 0
1661718560.3508598804 0 0 0
1661718560.4169304371 0 0 0
1661718560.4833984375 0 0 0
1661718560.5490586758 0 0 0
1661718560.6145918369 0 0 0
1661718560.6920235157 0 0 0
1661718560.7575910091 0 0 0
1661718560.8350937366 0 0 0
1661718560.9010434151 0 0 0
1661718560.9666941166 0 0 0
1661718561.0440144539 0 0 0
1661718561.1100423336 0 0 0
1661718561.1759433746 0 0 0
1661718561.2417292595 0 0 0
1661718561.3190875053 0.19000000000000000222 0 0
1661718561.3849322796 0.41999999999999998446 0 0
1661718561.4506771564 0.61999999999999999556 0 0
1661718561.5278861523 0.81999999999999995115 0 0
1661718561.6051764488 0.96999999999999997335 0 0
1661718561.6708147526 0.96999999999999997335 0 0
1661718561.7481827736 0.96999999999999997335 0 0
1661718561.8138637543 0.96999999999999997335 0 0
1661718561.890884161 0.96999999999999997335 0 0
1661718561.9680490494 0.95999999999999996447 0 0
1661718562.0345170498 0.89000000000000001332 0 0
1661718562.1000862122 0.89500000000000001776 0 0
1661718562.165750742 0.89500000000000001776 0 0
1661718562.2431209087 0.89500000000000001776 0 0
1661718562.3085796833 0.89500000000000001776 0 0
1661718562.3860864639 0.89500000000000001776 0 0
1661718562.4515564442 0.98499999999999998668 0 0
1661718562.517614603 1 0 0
1661718562.594727993 1 0 0
1661718562.6715135574 1 0 0
1661718562.7380490303 1 0 0
1661718562.8036692142 1 0 0
1661718562.8810484409 1 0 0
1661718562.9582633972 1 0 0
1661718563.023901701 1 0 0
1661718563.1013143063 1 0 0
1661718563.1669874191 1 0 0
1661718563.2325949669 1 0 0
1661718563.3098802567 1 0 0
1661718563.3756453991 1 0 0
1661718563.4527826309 1 0 0
1661718563.5299086571 1 0 0
1661718563.6071076393 1 0 0
1661718563.6839976311 1 0 0
1661718563.7496051788 1 0 0
1661718563.8267467022 1 0 0
1661718563.9039440155 1 0 0
1661718563.9697294235 1 0 0
1661718564.0470042229 1 0 0
1661718564.1244463921 1 0 0
1661718564.2010633945 1 0 0
1661718564.266682148 0.94500000000000006217 0 0
1661718564.3438718319 0.93999999999999994671 0 0
1661718564.4210367203 0.92500000000000004441 0 0
1661718564.4866948128 0.89500000000000001776 0 0
1661718564.5638539791 0.88000000000000000444 0 0
1661718564.6409239769 0.88000000000000000444 0 0
1661718564.7068195343 0.88000000000000000444 0 0
1661718564.7842695713 0.88000000000000000444 0 0
1661718564.8500220776 0.88000000000000000444 0 0
1661718564.9157700539 0.88000000000000000444 0 0
1661718564.9817490578 0.875 0 0
1661718565.0588200092 0.8499999999999999778 0 0
1661718565.1363677979 0.72999999999999998224 0 0
1661718565.2020053864 0.66000000000000003109 0 0
1661718565.2789750099 0.60499999999999998224 0 0
1661718565.3555133343 0.57000000000000006217 0 0
1661718565.4329104424 0.51500000000000001332 0 0
1661718565.5101613998 0.51500000000000001332 0 0
1661718565.5756664276 0.51500000000000001332 0 0
1661718565.6529545784 0.4500000000000000111 0 0
1661718565.7302796841 0.33999999999999996891 0 0
1661718565.7958405018 0.19000000000000000222 0 0
1661718565.8726286888 0.19000000000000000222 0 0
1661718565.9498836994 0.19000000000000000222 0 0
1661718566.0272023678 0.21499999999999996891 0 0
1661718566.0928034782 0.32000000000000006217 0 0
1661718566.1696810722 0.4249999999999999889 0 0
1661718566.2467410564 0.60499999999999998224 0 0
1661718566.3243649006 0.54000000000000003553 0 0
1661718566.3898139 0.30999999999999999778 0 0
1661718566.4671311378 0.51000000000000000888 0 0
1661718566.533093214 0.73999999999999999112 0 0
1661718566.5988352299 0.69500000000000006217 0 0
1661718566.6762230396 0.71999999999999997335 0 0
1661718566.742528677 0.73999999999999999112 0 0
1661718566.8188707829 0.88000000000000000444 0 0
1661718566.8847410679 1 0 0
1661718566.9621078968 1 0 0
1661718567.0278334618 1 0 0
1661718567.1049768925 1 0 0
1661718567.1818909645 1 0 0
1661718567.2590332031 1 0 0
1661718567.3249540329 1 0 0
1661718567.4020287991 0.90999999999999992006 0 0
1661718567.4676890373 1 0 0
1661718567.5452315807 0.89500000000000001776 0 0
1661718567.6108109951 0.7249999999999999778 0 0
1661718567.6880054474 0.58499999999999996447 0 0
1661718567.7545557022 0.46999999999999997335 0 0
1661718567.8306860924 0.4500000000000000111 0 0
1661718567.9083359241 0.48499999999999998668 0 0
1661718567.9851200581 0.46999999999999997335 0 0
1661718568.0509488583 0.5 0 0
1661718568.128067255 0.56499999999999994671 0 0
1661718568.2050805092 0.54000000000000003553 0 0
1661718568.2706329823 0.54500000000000003997 0 0
1661718568.3480169773 0.57499999999999995559 0 0
1661718568.4255106449 0.60499999999999998224 0 0
1661718568.5019774437 0.61499999999999999112 0 0
1661718568.5678036213 0.67000000000000003997 0 0
1661718568.645321846 0.56499999999999994671 0 0
1661718568.7112848759 0.33000000000000001554 0 0
1661718568.7771117687 0.13000000000000000444 0 0
1661718568.8429706097 -0.055000000000000000278 0 0
1661718568.90879035 -0.25 0 0
1661718568.9861454964 -0.44999999999999995559 0 0
1661718569.0518143177 -0.67999999999999993783 0 0
1661718569.1287307739 -0.87999999999999989342 0 0
1661718569.2061696053 -0.91500000000000003553 0 0
1661718569.2720906734 -0.92500000000000004441 0 0
1661718569.3377087116 -0.92500000000000004441 0 0
1661718569.4149315357 -0.92500000000000004441 0 0
1661718569.4806013107 -0.92500000000000004441 0 0
1661718569.558024168 -0.92500000000000004441 0 0
1661718569.623701334 -0.92500000000000004441 0 0
1661718569.7008061409 -0.92500000000000004441 0 0
1661718569.7782552242 -0.78000000000000002665 0 0
1661718569.8441736698 -0.65500000000000002665 0 0
1661718569.9097931385 -0.65500000000000002665 0 0
1661718569.9875748158 -0.63500000000000000888 0 0
1661718570.0637121201 -0.63500000000000000888 0 0
1661718570.1407840252 -0.63500000000000000888 0 0
1661718570.2180464268 -0.64000000000000001332 0 0
1661718570.2836971283 -0.72999999999999998224 0 0
1661718570.361397028 -0.85499999999999998224 0 0
1661718570.4270658493 -1 0 0
1661718570.4926717281 -0.99499999999999999556 0 0
1661718570.5698215961 -0.82000000000000006217 0 0
1661718570.6472125053 -0.67999999999999993783 0 0
1661718570.7126312256 -0.63000000000000000444 0 0
1661718570.7896575928 -0.63000000000000000444 0 0
1661718570.8665380478 -0.63000000000000000444 0 0
1661718570.9439389706 -0.68999999999999994671 0 0
1661718571.0210580826 -0.83000000000000007105 0 0
1661718571.0985832214 -0.95500000000000007105 0 0
1661718571.1746897697 -1 0 0
1661718571.2410304546 -0.79499999999999992895 0 0
1661718571.3066618443 -0.67999999999999993783 0 0
1661718571.3840711117 -0.67000000000000003997 0 0
1661718571.4610555172 -0.67000000000000003997 0 0
1661718571.5266263485 -0.70999999999999996447 0 0
1661718571.6037781239 -0.72999999999999998224 0 0
1661718571.6806960106 -0.72999999999999998224 0 0
1661718571.7579650879 -0.73499999999999998668 0 0
1661718571.8352050781 -0.9000000000000000222 0 0
1661718571.9009635448 -0.875 0 0
1661718571.9780011177 -0.73499999999999998668 0 0
1661718572.0554325581 -0.61999999999999999556 0 0
1661718572.1210772991 -0.67999999999999993783 0 0
1661718572.1985416412 -0.56499999999999994671 0 0
1661718572.2639319897 -0.34000000000000002442 0 0
1661718572.3410401344 -0.14000000000000001332 0 0
1661718572.4070818424 0 0 0
1661718572.4726529121 0 0 0
1661718572.549734354 0 0 0
1661718572.6156723499 0 0 0
1661718572.6931717396 0 0 0
1661718572.7589631081 0 0 0
1661718572.8362674713 0 0 0
1661718572.9023880959 0 0 0
1661718572.9682130814 0 0 0
1661718573.0452077389 0 0 0
1661718573.111219883 0 0 0
1661718573.1770853996 0 0 0
1661718573.2540047169 0 0 0
1661718573.3312935829 0 0 0
1661718573.397539854 0 0 0
1661718573.4736378193 0 0 0
1661718573.5510561466 0 0 0
1661718573.6171059608 0 0 0
1661718573.682708025 0 0 0
1661718573.7600655556 0 0 0
1661718573.826364994 0 0 0
1661718573.8921973705 0 0 0
1661718573.9577927589 0 0 0
1661718574.0353014469 0 0 0
1661718574.1009216309 0 0 0
1661718574.1783483028 0 0 0
1661718574.2441828251 0 0 0
1661718574.3100581169 0 0 0
1661718574.3759608269 0 0 0
1661718574.4525878429 0 0 0
1661718574.5302171707 0 0 0
1661718574.5958409309 0 0 0
1661718574.6729416847 0 0 0
1661718574.7502918243 0 0 0
1661718574.8160169125 0 0 0
1661718574.8819875717 0 0 0
1661718574.959395647 0 0 0
1661718575.0251996517 0 0 0
1661718575.09131217 0 0 0
1661718575.1573777199 0 0 0
1661718575.2342226505 0 0 0
1661718575.3006575108 0 0 0
1661718575.3773608208 0 0 0
1661718575.4430718422 0 0 0
1661718575.5087885857 0 0 0
1661718575.5861515999 0 0 0
1661718575.6630270481 0 0 0
1661718575.7402219772 0 0 0
1661718575.8057227135 0 0 0
1661718575.8831043243 0 0 0
1661718575.9598679543 0 0 0
1661718576.0370550156 0 0 0
1661718576.1145575047 0 0 0
1661718576.1803452969 0 0 0
1661718576.2466230392 0 0 0
1661718576.3123371601 0 0 0
1661718576.3779113293 0 0 0
1661718576.455312252 0 0 0
1661718576.521474123 0 0 0
1661718576.5872399807 0 0 0
1661718576.6529660225 0 0 0
1661718576.7303869724 0 0 0
1661718576.7964293957 0 0 0
1661718576.8620610237 0 0 0
1661718576.9278607368 0 0 0
1661718577.0053057671 0 0 0
1661718577.0710995197 0 0 0
1661718577.1366860867 0 0 0
1661718577.2139642239 0 0 0
1661718577.2914087772 0 0 0
1661718577.3571305275 0 0 0
1661718577.4234759808 0 0 0
1661718577.4891123772 0 0 0
1661718577.5548894405 0 0 0
1661718577.632396698 0 0 0
1661718577.6979775429 0 0 0
1661718577.7755463123 0 0 0
1661718577.8412733078 0 0 0
1661718577.9070065022 0 0 0
1661718577.9844565392 0 0 0
1661718578.0504539013 0 0 0
1661718578.1270582676 0 0 0
1661718578.2042918205 0 0 0
1661718578.2696659565 0 0 0
1661718578.3469591141 0 0 0
1661718578.4243097305 0 0 0
1661718578.4901492596 0 0 0
1661718578.5557339191 0 0 0
1661718578.6222860813 0 0 0
1661718578.6882638931 0 0 0
1661718578.7544977665 0 0 0
1661718578.8316562176 0 0 0
1661718578.896900177 0 0 0
1661718578.9634075165 0 0 0
1661718579.0292859077 0 0 0
1661718579.106202364 0 0 0
1661718579.182905674 0 0 0
1661718579.2490913868 0 0 0
1661718579.3258671761 0 0 0
1661718579.3927400112 0 0 0
1661718579.4693427086 0 0 0
1661718579.5352017879 0 0 0
1661718579.6008524895 0 0 0
1661718579.6784930229 0 0 0
1661718579.7445116043 0 0 0
1661718579.810359478 0 0 0
1661718579.8762080669 0 0 0
1661718579.942076683 0 0 0
1661718580.0196993351 0 0 0
1661718580.096050024 0 0 0
1661718580.1735341549 0 0 0
1661718580.2503638268 0 0 0
1661718580.3269734383 0 0 0
1661718580.393276453 0 0 0
1661718580.470489502 0 0 0
1661718580.5467474461 0 0 0
1661718580.6134514809 0 0 0
1661718580.6905169487 0 0 0
1661718580.7560079098 0 0 0
1661718580.8335385323 0 0 0
1661718580.9107012749 0 0 0
1661718580.9760742188 0 0 0
1661718581.0534901619 0 0 0
1661718581.1198310852 0 0 0
1661718581.1966700554 0 0 0
1661718581.2621557713 0 0 0
