1657858741.434710741 0 0 0
1657858741.5119669437 0 0 0
1657858741.5776457787 0 0 0
1657858741.6556463242 0 0 0
1657858741.7318778038 0 0 0
1657858741.8088343143 0 0 0
1657858741.8860120773 0 0 0
1657858741.9516701698 0 0 0
1657858742.0288717747 0 0 0
1657858742.1062502861 0 0 0
1657858742.1718246937 0 0 0
1657858742.2487905025 0 0 0
1657858742.3259196281 0 0 0
1657858742.4031176567 0 0 0
1657858742.4801552296 0 0 0
1657858742.5456221104 0 0 0
1657858742.6230137348 0 0 0
1657858742.7001681328 0 0 0
1657858742.765655756 0 0 0
1657858742.8429768085 0 0 0
1657858742.9200661182 0 0 0
1657858742.9973964691 0 0 0
1657858743.0629885197 0 0 0
1657858743.1402258873 0 0 0
1657858743.2057099342 0 0 0
1657858743.2829585075 0 0 0
1657858743.3601534367 0 0 0
1657858743.4257900715 0 0 0
1657858743.5028343201 0 0 0
1657858743.5801320076 0 0 0
1657858743.657253027 0 0 0
1657858743.7227971554 0 0 0
1657858743.7998776436 0 0 0
1657858743.8666033745 0 0 0
1657858743.9322767258 0 0 0
1657858743.9979672432 0 0 0
1657858744.0750141144 0 0 0
1657858744.1522078514 0 0 0
1657858744.2290782928 0 0 0
1657858744.3062019348 0 0 0
1657858744.3720765114 0 0 0
1657858744.4490914345 0 0 0
1657858744.5261678696 0 0 0
1657858744.5916347504 0 0 0
1657858744.6697061062 0 0 0
1657858744.7352523804 0 0 0
1657858744.8011772633 0 0 0
1657858744.8781445026 0 0 0
1657858744.9553143978 0 0 0
1657858745.0207836628 0 0 0
1657858745.0980103016 0 0 0
1657858745.1749026775 0 0 0
1657858745.2518768311 0 0 0
1657858745.329082489 0 0 0
1657858745.4062075615 0 0 0
1657858745.4718470573 0 0 0
1657858745.5489952564 0 0 0
1657858745.6261529922 0 0 0
1657858745.7032718658 0 0 0
1657858745.768774271 0 0 0
1657858745.8459451199 0 0 0
1657858745.9229931831 0 0 0
1657858746.0000412464 0 0 0
1657858746.0771205425 0 0 0
1657858746.1428346634 0 0 0
1657858746.2199616432 0 0 0
1657858746.2970402241 0 0 0
1657858746.3739998341 0 0 0
1657858746.4512147903 0 0 0
1657858746.5283021927 0 0 0
1657858746.594673872 0 0 0
1657858746.6707055569 0 0 0
1657858746.7372705936 0 0 0
1657858746.8029694557 0 0 0
1657858746.8801474571 0 0 0
1657858746.9459533691 0 0 0
1657858747.0226945877 0 0 0
1657858747.1001358032 0 0 0
1657858747.1775557995 0 0 0
1657858747.2434048653 0 0 0
1657858747.3090069294 0 0 0
1657858747.3860108852 0 0 0
1657858747.4631507397 0 0 0
1657858747.5287032127 0 0 0
1657858747.6060533524 0 0 0
1657858747.6830735207 0 0 0
1657858747.7600302696 0 0 0
1657858747.8371374607 0 0 0
1657858747.9140856266 0 0 0
1657858747.990986824 0 0 0
1657858748.0682001114 0 0 0
1657858748.1338703632 0 0 0
1657858748.2110767365 0 0 0
1657858748.2884452343 0 0 0
1657858748.3540565968 0 0 0
1657858748.431194067 0 0 0
1657858748.5082252026 0 0 0
1657858748.5747048855 0 0 0
1657858748.6401703358 0 0 0
1657858748.7172176838 0 0 0
1657858748.7942109108 0 0 0
1657858748.8712952137 0 0 0
1657858748.9477248192 0 0 0
1657858749.0248446465 0 0 0
1657858749.1020522118 0 0 0
1657858749.1793496609 0 0 0
1657858749.2447564602 0 0 0
1657858749.3218142986 0 0 0
1657858749.3988714218 0 0 0
1657858749.4759097099 0 0 0
1657858749.552932024 0 0 0
1657858749.6301410198 0 0 0
1657858749.707023859 0 0 0
1657858749.7841796875 0 0 0
1657858749.8497891426 0 0 0
1657858749.9268414974 0 0 0
1657858750.0038204193 0 0 0
1657858750.0815312862 0 0 0
1657858750.1471300125 0 0 0
1657858750.2242882252 0 0 0
1657858750.2898218632 0 0 0
1657858750.3672966957 0 0 0
1657858750.4442858696 0 0 0
1657858750.509749651 0 0 0
1657858750.5762543678 0 0 0
1657858750.6418271065 0 0 0
1657858750.7189939022 0 0 0
1657858750.7961499691 0 0 0
1657858750.8730611801 0 0 0
1657858750.9498739243 0 0 0
1657858751.0268075466 0 0 0
1657858751.0928499699 0 0 0
1657858751.1705787182 0 0 0
1657858751.2359976768 0 0 0
1657858751.3130073547 0 0 0
1657858751.3906846046 0 0 0
1657858751.4562783241 0 0 0
1657858751.5218462944 0 0 0
1657858751.5987391472 0 0 0
1657858751.6652100086 0 0 0
1657858751.7315869331 0 0 0
1657858751.7971544266 0 0 0
1657858751.8741910458 0 0 0
1657858751.9407250881 0 0 0
1657858752.0058686733 0 0 0
1657858752.0829973221 0 0 0
1657858752.1600203514 0 0 0
1657858752.236959219 0 0 0
1657858752.3139810562 0 0 0
1657858752.3911502361 0 0 0
1657858752.4680233002 0 0 0
1657858752.5451130867 0 0 0
1657858752.6221351624 0 0 0
1657858752.6990003586 0 0 0
1657858752.7757968903 0 0 0
1657858752.8530797958 0 0 0
1657858752.9300575256 0 0 0
1657858753.0071487427 0 0 0
1657858753.0843355656 0 0 0
1657858753.1498858929 0 0 0
1657858753.2268538475 0 0 0
1657858753.3040833473 0 0 0
1657858753.3811359406 0 0 0
1657858753.4578945637 0 0 0
1657858753.5350570679 0 0 0
1657858753.6121973991 0 0 0
1657858753.6896574497 0 0 0
1657858753.7552089691 0 0 0
1657858753.832212925 0 0 0
1657858753.9091742039 0 0 0
1657858753.9861738682 0 0 0
1657858754.0630569458 0 0 0
1657858754.1401121616 0 0 0
1657858754.2170884609 0 0 0
1657858754.2939808369 0 0 0
1657858754.3711013794 0 0 0
1657858754.4481825829 0 0 0
1657858754.5251352787 0 0 0
1657858754.5917510986 0 0 0
1657858754.6570765972 0 0 0
1657858754.7340314388 0 0 0
1657858754.8108577728 0 0 0
1657858754.8878686428 0 0 0
1657858754.964799881 0 0 0
1657858755.0312781334 0 0 0
1657858755.0977292061 0 0 0
1657858755.1629230976 0 0 0
1657858755.2398154736 0 0 0
1657858755.3168179989 0 0 0
1657858755.383377552 0 0 0
1657858755.4601638317 0 0 0
1657858755.5369954109 0 0 0
1657858755.6139650345 0 0 0
1657858755.6908884048 0 0 0
1657858755.7677521706 0 0 0
1657858755.8341555595 0 0 0
1657858755.9113478661 0 0 0
1657858755.9767889977 0 0 0
1657858756.043330431 0 0 0
1657858756.1089091301 0 0 0
1657858756.1861073971 0 0 0
1657858756.263160944 0 0 0
1657858756.3402674198 0 0 0
1657858756.4171130657 0 0 0
1657858756.4941573143 0 0 0
1657858756.5711803436 0 0 0
1657858756.6480741501 0 0 0
1657858756.7251980305 0 0 0
1657858756.8024234772 0 0 0
1657858756.8795118332 0 0 0
1657858756.9450273514 0 0 0
1657858757.0220410824 0 0 0
1657858757.0991010666 0 0 0
1657858757.1760623455 0 0 0
1657858757.2532355785 0 0 0
1657858757.330092907 0 0 0
1657858757.4070754051 0 0 0
1657858757.4843409061 0 0 0
1657858757.5497841835 0 0 0
1657858757.6160275936 0 0 0
1657858757.6928281784 0 0 0
1657858757.759162426 0 0 0
1657858757.8362104893 0 0 0
1657858757.9132285118 0 0 0
1657858757.9902443886 0 0 0
1657858758.0672037601 0 0 0
1657858758.1441712379 0 0 0
1657858758.2213001251 0 0 0
1657858758.2985532284 0 0 0
1657858758.3641393185 0 0 0
1657858758.4411239624 0 0 0
1657858758.5182189941 0 0 0
1657858758.5953164101 0 0 0
1657858758.6608161926 0 0 0
1657858758.727332592 0 0 0
1657858758.7928593159 0 0 0
1657858758.8593699932 0 0 0
1657858758.924888134 0 0 0
1657858759.0021574497 0 0 0
1657858759.0792980194 0 0 0
1657858759.1564025879 0 0 0
1657858759.2219848633 0 0 0
1657858759.299318552 0 0 0
1657858759.365789175 0 0 0
1657858759.4311385155 0 0 0
1657858759.508235693 0 0 0
1657858759.5854053497 0 0 0
1657858759.6623198986 0 0 0
1657858759.7281415462 0 0 0
1657858759.8052270412 0 0 0
1657858759.8820400238 0 0 0
1657858759.9590065479 0 0 0
1657858760.0368301868 0 0 0
1657858760.1021938324 0 0 0
1657858760.1793167591 0 0 0
1657858760.2450134754 0 0 0
1657858760.3223149776 0 0 0
1657858760.3878676891 0 0 0
1657858760.4542715549 0 0 0
1657858760.5198607445 0 0 0
1657858760.58634758 0 0 0
1657858760.6528198719 0 0 0
1657858760.7184026241 0 0 0
1657858760.7848761082 0 0 0
1657858760.8609287739 0 0 0
1657858760.9380497932 0 0 0
1657858761.0149629116 0 0 0
1657858761.0921103954 0 0 0
1657858761.1692318916 0 0 0
1657858761.2463052273 0 0 0
1657858761.3233504295 0 0 0
1657858761.4004664421 0 0 0
1657858761.4660065174 0 0 0
1657858761.5433239937 0 0 0
1657858761.6203949451 0 0 0
1657858761.6859121323 0 0 0
1657858761.7630634308 0 0 0
1657858761.8402919769 0 0 0
1657858761.9175276756 0 0 0
1657858761.9829146862 0 0 0
1657858762.0494024754 0 0 0
1657858762.1261150837 0 0 0
1657858762.2032089233 0 0 0
1657858762.2802517414 0 0 0
1657858762.3572933674 0 0 0
1657858762.42374897 0 0 0
1657858762.489443779 0 0 0
1657858762.5551691055 0 0 0
1657858762.6322324276 0 0 0
1657858762.7093167305 0 0 0
1657858762.7865905762 0 0 0
1657858762.8519999981 0 0 0
1657858762.9290771484 0 0 0
1657858763.0060136318 0 0 0
1657858763.0723993778 0 0 0
1657858763.1378610134 0 0 0
1657858763.204529047 0 0 0
1657858763.2700579166 0 0 0
1657858763.3469846249 0 0 0
1657858763.4238564968 0 0 0
1657858763.501108408 0 0 0
1657858763.5781979561 0 0 0
1657858763.6439669132 0 0 0
1657858763.7209308147 0 0 0
1657858763.7981164455 0 0 0
1657858763.8751063347 0 0 0
1657858763.9521567822 0 0 0
1657858764.0290551186 0 0 0
1657858764.1064374447 0 0 0
1657858764.1721324921 0 0 0
1657858764.2490034103 0 0 0
1657858764.326633215 0 0 0
1657858764.3920938969 0 0 0
1657858764.4693360329 0 0 0
1657858764.5464208126 0 0 0
1657858764.6232328415 0 0 0
1657858764.7004854679 0 0 0
1657858764.7772562504 0 0 0
1657858764.8543968201 0 0 0
1657858764.9314162731 0 0 0
1657858764.9977796078 0 0 0
1657858765.0630743504 0 0 0
1657858765.1398994923 0 0 0
1657858765.2065417767 0 0 0
1657858765.2720623016 0 0 0
1657858765.3490536213 0 0 0
1657858765.4261100292 0 0 0
1657858765.503279686 0 0 0
1657858765.5801036358 0 0 0
1657858765.6465678215 0 0 0
1657858765.7119240761 0 0 0
1657858765.7783737183 0 0 0
1657858765.8448820114 0 0 0
1657858765.9101316929 0 0 0
1657858765.9870836735 0 0 0
1657858766.0641839504 0 0 0
1657858766.1412887573 0 0 0
1657858766.2181186676 0 0 0
1657858766.2951643467 0 0 0
1657858766.3722732067 0 0 0
1657858766.449318409 0 0 0
1657858766.5267176628 0 0 0
1657858766.5921478271 0 0 0
1657858766.6692478657 0 0 0
1657858766.7464959621 0 0 0
1657858766.8120281696 0 0 0
1657858766.88895154 0 0 0
1657858766.966073513 0 0 0
1657858767.0431473255 0 0 0
1657858767.1202311516 0 0 0
1657858767.197021246 0 0 0
1657858767.2741653919 0 0 0
1657858767.3516702652 0 0 0
1657858767.4172794819 0 0 0
1657858767.494109869 0 0 0
1657858767.5711429119 0 0 0
1657858767.6482589245 0 0 0
1657858767.7250113487 0 0 0
1657858767.7912585735 0 0 0
1657858767.8682348728 0 0 0
1657858767.9452915192 0 0 0
1657858768.0226166248 0 0 0
1657858768.0888905525 0 0 0
1657858768.1542842388 0 0 0
1657858768.2313950062 0 0 0
1657858768.2977306843 0 0 0
1657858768.3629462719 0 0 0
1657858768.4295229912 0 0 0
1657858768.4948863983 0 0 0
1657858768.561344862 0 0 0
1657858768.6383972168 0 0 0
1657858768.7154664993 0 0 0
1657858768.7922532558 0 0 0
1657858768.8694894314 0 0 0
1657858768.9351677895 0 0 0
1657858769.012270689 0 0 0
1657858769.0893051624 0 0 0
1657858769.1663208008 0 0 0
1657858769.243124485 0 0 0
1657858769.3201189041 0 0 0
1657858769.3970139027 0 0 0
1657858769.4748589993 0 0 0
1657858769.5403804779 0 0 0
1657858769.6173083782 0 0 0
1657858769.6942431927 0 0 0
1657858769.7712147236 0 0 0
1657858769.8482997417 0 0 0
1657858769.9251697063 0 0 0
1657858770.0022034645 0 0 0
1657858770.0794110298 0 0 0
1657858770.1565434933 0 0 0
1657858770.2219457626 0 0 0
1657858770.2989122868 0 0 0
1657858770.3653013706 0 0 0
1657858770.4421553612 0 0 0
1657858770.5192408562 0 0 0
1657858770.5964009762 0 0 0
1657858770.6619398594 0 0 0
1657858770.7284681797 0 0 0
1657858770.7941379547 0 0 0
1657858770.8718986511 0 0 0
1657858770.9373791218 0 0 0
1657858771.0143511295 0 0 0
1657858771.0799686909 0 0 0
1657858771.1465015411 0 0 0
1657858771.2233467102 0 0 0
1657858771.3003537655 0 0 0
1657858771.3774535656 0 0 0
1657858771.4437668324 0 0 0
1657858771.5099031925 0 0 0
1657858771.5752334595 0 0 0
1657858771.6524162292 0 0 0
1657858771.7294695377 0 0 0
1657858771.7951779366 0 0 0
1657858771.8723554611 0 0 0
1657858771.9495277405 0 0 0
1657858772.0159780979 0 0 0
1657858772.0815351009 0 0 0
1657858772.146951437 0 0 0
1657858772.2240300179 0 0 0
1657858772.3009479046 0 0 0
1657858772.3779673576 0 0 0
1657858772.4443821907 0 0 0
1657858772.5214416981 0 0 0
1657858772.5878648758 0 0 0
1657858772.6531052589 0 0 0
1657858772.7309868336 0 0 0
1657858772.7964472771 0 0 0
1657858772.8619589806 0 0 0
1657858772.92851758 0 0 0
1657858772.9949977398 0 0 0
1657858773.0603547096 0 0 0
1657858773.1373274326 0 0 0
1657858773.214328289 0 0 0
1657858773.2913627625 0 0 0
1657858773.3683941364 0 0 0
1657858773.4341523647 0 0 0
1657858773.5111348629 0 0 0
1657858773.5880856514 0 0 0
1657858773.6653842926 0 0 0
1657858773.7425839901 0 0 0
1657858773.8081071377 0 0 0
1657858773.8851721287 0 0 0
1657858773.9621424675 0 0 0
1657858774.0400104523 0 0 0
1657858774.1160969734 0 0 0
1657858774.1939899921 0 0 0
1657858774.2703952789 0 0 0
1657858774.3475458622 0 0 0
1657858774.4130628109 0 0 0
1657858774.4900774956 0 0 0
1657858774.5669960976 0 0 0
1657858774.6441216469 0 0 0
1657858774.7211785316 0 0 0
1657858774.7983090878 0 0 0
1657858774.8751227856 0 0 0
1657858774.9520072937 0 0 0
1657858775.0183575153 0 0 0
1657858775.0954680443 0 0 0
1657858775.1723828316 0 0 0
1657858775.2493379116 0 0 0
1657858775.3269872665 0 0 0
1657858775.392406702 0 0 0
1657858775.4696531296 0 0 0
1657858775.5350091457 0 0 0
1657858775.6121516228 0 0 0
1657858775.6786208153 0 0 0
1657858775.7450633049 0 0 0
1657858775.8220150471 0 0 0
1657858775.8873343468 0 0 0
1657858775.9644083977 0 0 0
1657858776.0415978432 0 0 0
1657858776.1072292328 0 0 0
1657858776.1843225956 0 0 0
1657858776.2615149021 0 0 0
1657858776.3271849155 0 0 0
1657858776.404499054 0 0 0
1657858776.4701068401 0 0 0
1657858776.5474593639 0 0 0
1657858776.6131055355 0 0 0
1657858776.6910543442 0 0 0
1657858776.7670347691 0 0 0
1657858776.8334779739 0 0 0
1657858776.9103345871 0 0 0
1657858776.9872727394 0 0 0
1657858777.0643365383 0 0 0
1657858777.1414887905 0 0 0
1657858777.2184844017 0 0 0
1657858777.2955420017 0 0 0
1657858777.3619697094 0 0 0
1657858777.4274544716 0 0 0
1657858777.50441432 0 0 0
1657858777.5820059776 0 0 0
1657858777.64706707 0 0 0
1657858777.7241446972 0 0 0
1657858777.8012897968 0 0 0
1657858777.8785076141 0 0 0
1657858777.9553525448 0 0 0
1657858778.0321936607 0 0 0
1657858778.1093981266 0 0 0
1657858778.1863718033 0 0 0
1657858778.2631039619 0 0 0
1657858778.3296558857 0 0 0
1657858778.3950588703 0 0 0
1657858778.4722313881 0 0 0
1657858778.5493412018 0 0 0
1657858778.6265363693 0 0 0
1657858778.6921541691 0 0 0
1657858778.7691745758 0 0 0
1657858778.8355400562 0 0 0
1657858778.9126207829 0 0 0
1657858778.9781103134 0 0 0
1657858779.0551035404 0 0 0
1657858779.1325631142 0 0 0
1657858779.2095551491 0 0 0
1657858779.2751147747 0 0 0
1657858779.3520600796 0 0 0
1657858779.4185128212 0 0 0
1657858779.4842996597 0 0 0
1657858779.5614094734 0 0 0
1657858779.6385748386 0 0 0
1657858779.7043070793 0 0 0
1657858779.7814395428 0 0 0
1657858779.8585510254 0 0 0
1657858779.9241409302 0 0 0
1657858779.9903719425 0 0 0
1657858780.0675578117 0 0 0
1657858780.133285284 0 0 0
1657858780.2102160454 0 0 0
1657858780.2874414921 0 0 0
1657858780.364490509 0 0 0
1657858780.4310753345 0 0 0
1657858780.4965760708 0 0 0
1657858780.5734825134 0 0 0
1657858780.6505877972 0 0 0
1657858780.7161433697 0 0 0
1657858780.7939383984 0 0 0
1657858780.8593506813 0 0 0
1657858780.9365842342 0 0 0
1657858781.0135838985 0 0 0
1657858781.0801296234 0 0 0
1657858781.1563210487 0 0 0
1657858781.2335710526 0 0 0
1657858781.2991964817 0 0 0
1657858781.3763542175 0 0 0
1657858781.4533278942 0 0 0
1657858781.5304355621 0 0 0
1657858781.6075470448 0 0 0
1657858781.684350729 0 0 0
1657858781.7612326145 0 0 0
1657858781.8274300098 0 0 0
1657858781.9043176174 0 0 0
1657858781.9813539982 0 0 0
1657858782.0584445 0 0 0
1657858782.1354708672 0 0 0
1657858782.212397337 0 0 0
1657858782.2893874645 0 0 0
1657858782.3665013313 0 0 0
1657858782.4435687065 0 0 0
1657858782.5208406448 0 0 0
1657858782.586196661 0 0 0
1657858782.6633553505 0 0 0
1657858782.740323782 0 0 0
1657858782.8177893162 0 0 0
1657858782.8832070827 0 0 0
1657858782.9602491856 0 0 0
1657858783.0372784138 0 0 0
1657858783.1151251793 0 0 0
1657858783.1806635857 0 0 0
1657858783.2462184429 0 0 0
1657858783.3241343498 0 0 0
1657858783.4011161327 0 0 0
1657858783.4664714336 0 0 0
1657858783.5435435772 0 0 0
1657858783.6093144417 0 0 0
1657858783.6871592999 0 0 0
1657858783.7524449825 0 0 0
1657858783.8298492432 0 0 0
1657858783.8953473568 0 0 0
1657858783.9723773003 0 0 0
1657858784.0495157242 0 0 0
1657858784.1159939766 0 0 0
1657858784.1814479828 0 0 0
1657858784.258585453 0 0 0
1657858784.3240849972 0 0 0
1657858784.3904995918 0 0 0
1657858784.4676105976 0 0 0
1657858784.5331149101 0 0 0
1657858784.6102020741 0 0 0
1657858784.6879990101 0 0 0
1657858784.7540280819 0 0 0
1657858784.8194832802 0 0 0
1657858784.8963992596 0 0 0
1657858784.9735245705 0 0 0
1657858785.0505514145 0 0 0
1657858785.1162440777 0 0 0
1657858785.194103241 0 0 0
1657858785.2701895237 0 0 0
1657858785.3472747803 0 0 0
1657858785.4245393276 0 0 0
1657858785.5016772747 0 0 0
1657858785.5785796642 0 0 0
1657858785.655613184 0 0 0
1657858785.732572794 0 0 0
1657858785.7989349365 0 0 0
1657858785.8646125793 0 0 0
1657858785.9310560226 0 0 0
1657858785.9964561462 0 0 0
1657858786.0625066757 0 0 0
1657858786.139456749 0 0 0
1657858786.2164430618 0 0 0
1657858786.2934558392 0 0 0
1657858786.3704843521 0 0 0
1657858786.4474072456 0 0 0
1657858786.5242908001 0 0 0
1657858786.601249218 0 0 0
1657858786.6673846245 0 0 0
1657858786.7444555759 0 0 0
1657858786.8216145039 0 0 0
1657858786.8873593807 0 0 0
1657858786.96453619 0 0 0
1657858787.0413901806 0 0 0
1657858787.1184594631 0 0 0
1657858787.1956658363 0 0 0
1657858787.2612874508 0 0 0
1657858787.3274004459 0 0 0
1657858787.4042761326 0 0 0
1657858787.4821839333 0 0 0
1657858787.5583877563 0 0 0
1657858787.6352748871 0 0 0
1657858787.7123699188 0 0 0
1657858787.7893702984 0 0 0
1657858787.8664631844 0 0 0
1657858787.9434967041 0 0 0
1657858788.0204739571 0 0 0
1657858788.097366333 0 0 0
1657858788.1751198769 0 0 0
1657858788.2406051159 0 0 0
1657858788.3175311089 0 0 0
1657858788.3944797516 0 0 0
1657858788.4715909958 0 0 0
1657858788.5371949673 0 0 0
1657858788.6144375801 0 0 0
1657858788.6913719177 0 0 0
1657858788.7682318687 0 0 0
1657858788.8461172581 0 0 0
1657858788.9112968445 0 0 0
1657858788.9882502556 0 0 0
1657858789.0652492046 0 0 0
1657858789.1431522369 0 0 0
1657858789.2192544937 0 0 0
1657858789.296226263 0 0 0
1657858789.373259306 0 0 0
1657858789.4504935741 0 0 0
1657858789.5275325775 0 0 0
1657858789.6044685841 0 0 0
1657858789.68151474 0 0 0
1657858789.7585608959 0 0 0
1657858789.8356103897 0 0 0
1657858789.9021830559 0 0 0
1657858789.9675316811 0 0 0
1657858790.0335352421 0 0 0
1657858790.1108407974 0 0 0
1657858790.1762199402 0 0 0
1657858790.2535114288 0 0 0
1657858790.330578804 0 0 0
1657858790.3962388039 0 0 0
1657858790.473139286 0 0 0
1657858790.5503089428 0 0 0
1657858790.6274855137 0 0 0
1657858790.7045285702 0 0 0
1657858790.781591177 0 0 0
1657858790.8584604263 0 0 0
1657858790.9356880188 0 0 0
1657858791.0124461651 0 0 0
1657858791.0893185139 0 0 0
1657858791.166374445 0 0 0
1657858791.2431817055 0 0 0
1657858791.3202562332 0 0 0
1657858791.3973267078 0 0 0
1657858791.4741990566 0 0 0
1657858791.5405435562 0 0 0
1657858791.6175329685 0 0 0
1657858791.6944117546 0 0 0
1657858791.7721214294 0 0 0
1657858791.8375992775 0 0 0
1657858791.9032530785 0 0 0
1657858791.9802138805 0 0 0
1657858792.0465259552 0 0 0
1657858792.1237978935 0 0 0
1657858792.1892211437 0.22999999999999998224 0 0
1657858792.255436182 0.4249999999999999889 0 0
1657858792.3324275017 0.62000000000000010658 0 0
1657858792.4094104767 0.85499999999999998224 0 0
1657858792.4865386486 0.95999999999999996447 0 0
1657858792.5634448528 0.96999999999999997335 0 0
1657858792.6402380466 0.97999999999999998224 0 0
1657858792.7172431946 0.95999999999999996447 0 0
1657858792.7944018841 1 0 0
1657858792.8714344501 1 0 0
1657858792.948292017 1 0 0
1657858793.0254061222 1 0 0
1657858793.1024155617 1 0 0
1657858793.1794452667 1 0 0
1657858793.2572116852 1 0 0
1657858793.3228816986 1 0 0
1657858793.3882904053 1 0 0
1657858793.4653563499 1 0 0
1657858793.5427174568 1 0 0
1657858793.6197192669 1 0 0
1657858793.6966409683 1 0 0
1657858793.7632288933 1 0 0
1657858793.8288822174 1 0 0
1657858793.895097971 1 0 0
1657858793.960501194 1 0 0
1657858794.0374906063 1 0 0
1657858794.1144247055 1 0 0
1657858794.1913943291 0.95999999999999996447 0 0
1657858794.2683622837 0.97999999999999998224 0 0
1657858794.3453817368 0.97999999999999998224 0 0
1657858794.422901392 1 0 0
1657858794.4883162975 1 0 0
1657858794.5654578209 1 0 0
1657858794.642239809 1 0 0
1657858794.7192497253 0.99499999999999999556 0 0
1657858794.7854268551 0.99499999999999999556 0 0
1657858794.8627209663 0.99499999999999999556 0 0
1657858794.9398472309 0.99499999999999999556 0 0
1657858795.0054192543 0.92999999999999993783 0 0
1657858795.0827999115 0.92999999999999993783 0 0
1657858795.1596310139 0.92999999999999993783 0 0
1657858795.2256286144 0.93999999999999994671 0 0
1657858795.2912428379 0.93999999999999994671 0 0
1657858795.3683168888 0.94500000000000006217 0 0
1657858795.4343369007 0.94500000000000006217 0 0
1657858795.5112278461 0.94500000000000006217 0 0
1657858795.5775141716 0.94500000000000006217 0 0
1657858795.6546120644 0.94500000000000006217 0 0
1657858795.7317357063 0.95500000000000007105 0 0
1657858795.7982416153 0.95500000000000007105 0 0
1657858795.8640534878 0.93999999999999994671 0 0
1657858795.9298849106 0.94500000000000006217 0 0
1657858795.9955663681 0.94500000000000006217 0 0
1657858796.0728499889 1 0 0
1657858796.1498258114 1 0 0
1657858796.2270448208 1 0 0
1657858796.2925617695 1 0 0
1657858796.3694665432 1 0 0
1657858796.4464836121 1 0 0
1657858796.5236332417 1 0 0
1657858796.6006858349 1 0 0
1657858796.6779022217 1 0 0
1657858796.7434277534 1 0 0
1657858796.8218491077 1 0 0
1657858796.8863949776 1 0 0
1657858796.964015007 1 0 0
1657858797.0298228264 1 0 0
1657858797.0962719917 1 0 0
1657858797.1732704639 1 0 0
1657858797.2389647961 1 0 0
1657858797.3045063019 1 0 0
1657858797.3816087246 1 0 0
1657858797.4589223862 1 0 0
1657858797.5243132114 1 0 0
1657858797.6012482643 1 0 0
1657858797.6786768436 1 0 0
1657858797.7443935871 1 0 0
1657858797.8215842247 1 0 0
1657858797.8984296322 1 0 0
1657858797.9757385254 1 0 0
1657858798.0412817001 1 0 0
1657858798.1188101768 1 0 0
1657858798.1953859329 1 0 0
1657858798.2724499702 1 0 0
1657858798.3386251926 1 0 0
1657858798.4155156612 1 0 0
1657858798.4929134846 1 0 0
1657858798.569637537 1 0 0
1657858798.6471049786 1 0 0
1657858798.7124707699 1 0 0
1657858798.7901194096 1 0 0
1657858798.8554170132 1 0 0
1657858798.9322798252 0.99499999999999999556 0 0
1657858799.009291172 1 0 0
1657858799.0758354664 1 0 0
1657858799.1637489796 1 0 0
1657858799.2412073612 1 0 0
1657858799.3067452908 1 0 0
1657858799.3839752674 1 0 0
1657858799.4502897263 1 0 0
1657858799.5157439709 1 0 0
1657858799.5926568508 1 0 0
1657858799.6696360111 1 0 0
1657858799.7466557026 1 0 0
1657858799.8236727715 1 0 0
1657858799.9005866051 1 0 0
1657858799.9776847363 1 0 0
1657858800.0545566082 1 0 0
1657858800.1316306591 1 0 0
1657858800.2090835571 0.96999999999999997335 0 0
1657858800.2747151852 0.96999999999999997335 0 0
1657858800.3513417244 1 0 0
1657858800.4292240143 1 0 0
1657858800.5060243607 1 0 0
1657858800.5719470978 1 0 0
1657858800.6490559578 1 0 0
1657858800.7148654461 1 0 0
1657858800.7806153297 1 0 0
1657858800.8471894264 1 0 0
1657858800.9234964848 1 0 0
1657858801.0006432533 1 0 0
1657858801.0777597427 1 0 0
1657858801.1551730633 1 0 0
1657858801.2207527161 1 0 0
1657858801.2976896763 1 0 0
1657858801.3749535084 1 0 0
1657858801.4403474331 1 0 0
1657858801.5179915428 1 0 0
1657858801.583370924 1 0 0
1657858801.6496393681 1 0 0
1657858801.7267336845 1 0 0
1657858801.8039419651 1 0 0
1657858801.8697650433 1 0 0
1657858801.9361495972 1 0 0
1657858802.0018639565 1 0 0
1657858802.0784943104 1 0 0
1657858802.1558978558 1 0 0
1657858802.2323400974 1 0 0
1657858802.2987680435 1 0 0
1657858802.3644948006 1 0 0
1657858802.4415483475 1 0 0
1657858802.5186581612 1 0 0
1657858802.5955555439 1 0 0
1657858802.6726610661 1 0 0
1657858802.7497498989 1 0 0
1657858802.8266141415 1 0 0
1657858802.9043090343 1 0 0
1657858802.9813132286 1 0 0
1657858803.0582733154 1 0 0
1657858803.1237978935 1 0 0
1657858803.2010810375 1 0 0
1657858803.2664549351 1 0 0
1657858803.3434691429 1 0 0
1657858803.4206621647 0.99499999999999999556 0 0
1657858803.4977941513 1 0 0
1657858803.5747938156 1 0 0
1657858803.6517896652 1 0 0
1657858803.7177364826 1 0 0
1657858803.7950944901 1 0 0
1657858803.8608055115 1 0 0
1657858803.926356554 1 0 0
1657858803.9928610325 1 0 0
1657858804.0584590435 1 0 0
1657858804.1353442669 1 0 0
1657858804.2020411491 1 0 0
1657858804.267526865 1 0 0
1657858804.3445298672 1 0 0
1657858804.4220118523 1 0 0
1657858804.4874732494 1 0 0
1657858804.5648145676 1 0 0
1657858804.6309733391 1 0 0
1657858804.696397543 1 0 0
1657858804.7735922337 1 0 0
1657858804.8504593372 1 0 0
1657858804.928030014 1 0 0
1657858804.9935252666 1 0 0
1657858805.0709872246 1 0 0
1657858805.1369328499 1 0 0
1657858805.214359045 1 0 0
1657858805.279902935 1 0 0
1657858805.3455657959 1 0 0
1657858805.4227318764 1 0 0
1657858805.4997887611 1 0 0
1657858805.5770704746 1 0 0
1657858805.6428406239 1 0 0
1657858805.708552599 1 0 0
1657858805.7856686115 1 0 0
1657858805.8627381325 1 0 0
1657858805.9399542809 1 0 0
1657858806.0171005726 1 0 0
1657858806.0828456879 1 0 0
1657858806.1494369507 1 0 0
1657858806.2255840302 1 0 0
1657858806.3025157452 1 0 0
1657858806.3796200752 1 0 0
1657858806.4565839767 1 0 0
1657858806.5342202187 1 0 0
1657858806.5997002125 1 0 0
1657858806.665848732 1 0 0
1657858806.7427971363 1 0 0
1657858806.8194408417 1 0 0
1657858806.8966224194 1 0 0
1657858806.9737048149 1 0 0
1657858807.0509955883 1 0 0
1657858807.1164848804 1 0 0
1657858807.1936817169 1 0 0
1657858807.2708830833 1 0 0
1657858807.3478319645 1 0 0
1657858807.4247701168 1 0 0
1657858807.5025150776 1 0 0
1657858807.5789966583 1 0 0
1657858807.6446282864 1 0 0
1657858807.7217841148 1 0 0
1657858807.7993869781 1 0 0
1657858807.864767313 1 0 0
1657858807.9423587322 1 0 0
1657858808.0077748299 0.94500000000000006217 0 0
1657858808.0850639343 0.94500000000000006217 0 0
1657858808.1503710747 0.95500000000000007105 0 0
1657858808.2275884151 0.95500000000000007105 0 0
1657858808.3045988083 0.95500000000000007105 0 0
1657858808.3818795681 0.94500000000000006217 0 0
1657858808.4484276772 0.85499999999999998224 0 0
1657858808.5247035027 0.80000000000000004441 0 0
1657858808.6018130779 0.81000000000000005329 0 0
1657858808.6787805557 0.80000000000000004441 0 0
1657858808.7563092709 0.80000000000000004441 0 0
1657858808.8223614693 0.80000000000000004441 0 0
1657858808.8880951405 0.80000000000000004441 0 0
1657858808.9646668434 0.80000000000000004441 0 0
1657858809.041946888 0.80000000000000004441 0 0
1657858809.1075966358 0.80000000000000004441 0 0
1657858809.1739943027 0.80000000000000004441 0 0
1657858809.240216732 0.80000000000000004441 0 0
1657858809.306204319 0.80000000000000004441 0 0
1657858809.372127533 0.80000000000000004441 0 0
1657858809.438170433 0.80000000000000004441 0 0
1657858809.5040974617 0.89000000000000001332 0 0
1657858809.5696134567 0.88000000000000000444 0 0
1657858809.6469192505 0.875 0 0
1657858809.7128531933 0.875 0 0
1657858809.7903084755 0.875 0 0
1657858809.866871357 0.875 0 0
1657858809.9438405037 0.86999999999999999556 0 0
1657858810.0211567879 0.86999999999999999556 0 0
1657858810.0866801739 0.86999999999999999556 0 0
1657858810.1636548042 0.86999999999999999556 0 0
1657858810.240875721 0.85999999999999987566 0 0
1657858810.3177187443 0.85999999999999987566 0 0
1657858810.3948280811 0.86999999999999999556 0 0
1657858810.4606337547 0.86999999999999999556 0 0
1657858810.5377802849 0.86999999999999999556 0 0
1657858810.6153056622 0.875 0 0
1657858810.6813354492 0.875 0 0
1657858810.7467918396 0.875 0 0
1657858810.8240687847 0.875 0 0
1657858810.8897914886 0.875 0 0
1657858810.9673695564 0.86999999999999999556 0 0
1657858811.0325703621 0.86999999999999999556 0 0
1657858811.098808527 0.85999999999999987566 0 0
1657858811.1759722233 0.85999999999999987566 0 0
1657858811.2417666912 0.86999999999999999556 0 0
1657858811.3190815449 0.86999999999999999556 0 0
1657858811.3853099346 0.86999999999999999556 0 0
1657858811.461527586 0.85999999999999987566 0 0
1657858811.538823843 0.86999999999999999556 0 0
1657858811.6053571701 0.86999999999999999556 0 0
1657858811.6709198952 0.86999999999999999556 0 0
1657858811.7476575375 0.86999999999999999556 0 0
1657858811.8248131275 0.86999999999999999556 0 0
1657858811.9018697739 0.875 0 0
1657858811.9788780212 0.88000000000000000444 0 0
1657858812.0561683178 0.89000000000000001332 0 0
1657858812.1223931313 0.88000000000000000444 0 0
1657858812.1874940395 0.92500000000000004441 0 0
1657858812.2536082268 1 0 0
1657858812.3306672573 1 0 0
1657858812.407913208 1 0 0
1657858812.4739968777 1 0 0
1657858812.5509183407 1 0 0
1657858812.6278634071 1 0 0
1657858812.7051353455 1 0 0
1657858812.7706415653 1 0 0
1657858812.847826004 1 0 0
1657858812.9246425629 1 0 0
1657858813.0016167164 1 0 0
1657858813.0785109997 0.99499999999999999556 0 0
1657858813.1554327011 0.91500000000000003553 0 0
1657858813.2218561172 0.89500000000000001776 0 0
1657858813.2984662056 0.89000000000000001332 0 0
1657858813.3758437634 0.89000000000000001332 0 0
1657858813.4534523487 0.89000000000000001332 0 0
1657858813.5189614296 0.90999999999999992006 0 0
1657858813.5969736576 0.9000000000000000222 0 0
1657858813.6624174118 0.9000000000000000222 0 0
1657858813.7280402184 0.9000000000000000222 0 0
1657858813.7936089039 0.89500000000000001776 0 0
1657858813.8706214428 0.89500000000000001776 0 0
1657858813.9479763508 0.89500000000000001776 0 0
1657858814.0138947964 0.88000000000000000444 0 0
1657858814.0910241604 0.89000000000000001332 0 0
1657858814.1573596001 0.88000000000000000444 0 0
1657858814.2226865292 0.88000000000000000444 0 0
1657858814.3004579544 0.88000000000000000444 0 0
1657858814.3657858372 0.88000000000000000444 0 0
1657858814.4428172112 0.88000000000000000444 0 0
1657858814.5200693607 0.88000000000000000444 0 0
1657858814.5856466293 0.88000000000000000444 0 0
1657858814.6635594368 0.82499999999999995559 0 0
1657858814.7405438423 0.81499999999999994671 0 0
1657858814.805924654 0.83000000000000007105 0 0
1657858814.8830533028 0.82499999999999995559 0 0
1657858814.9494349957 0.81499999999999994671 0 0
1657858815.0149416924 0.82499999999999995559 0 0
1657858815.0805165768 0.82499999999999995559 0 0
1657858815.1576125622 0.83000000000000007105 0 0
1657858815.2348103523 0.83000000000000007105 0 0
1657858815.3122048378 0.82499999999999995559 0 0
1657858815.3775594234 0.82499999999999995559 0 0
1657858815.4546430111 0.82499999999999995559 0 0
1657858815.5317971706 0.82499999999999995559 0 0
1657858815.6089138985 0.78499999999999992006 0 0
1657858815.686044693 0.78499999999999992006 0 0
1657858815.7515850067 0.78499999999999992006 0 0
1657858815.8287556171 0.78499999999999992006 0 0
1657858815.9060761929 0.78499999999999992006 0 0
1657858815.9717431068 0.78499999999999992006 0 0
1657858816.0384972095 0.78499999999999992006 0 0
1657858816.1155042648 0.79499999999999992895 0 0
1657858816.1809561253 0.79499999999999992895 0 0
1657858816.2464530468 0.79499999999999992895 0 0
1657858816.3131239414 0.79499999999999992895 0 0
1657858816.3896613121 0.78499999999999992006 0 0
1657858816.466643095 0.79499999999999992895 0 0
1657858816.5326855183 0.79499999999999992895 0 0
1657858816.6099386215 0.79499999999999992895 0 0
1657858816.686760664 0.78499999999999992006 0 0
1657858816.763551712 0.76500000000000001332 0 0
1657858816.8414156437 0.76500000000000001332 0 0
1657858816.9068012238 0.76500000000000001332 0 0
1657858816.9839744568 0.76000000000000000888 0 0
1657858817.0609784126 0.76500000000000001332 0 0
1657858817.1376943588 0.76500000000000001332 0 0
1657858817.2147555351 0.76500000000000001332 0 0
1657858817.2917871475 0.76500000000000001332 0 0
1657858817.3690664768 0.76500000000000001332 0 0
1657858817.4345877171 0.76500000000000001332 0 0
1657858817.5009117126 0.76500000000000001332 0 0
1657858817.5783002377 0.76500000000000001332 0 0
1657858817.6441483498 0.76500000000000001332 0 0
1657858817.7097206116 0.76500000000000001332 0 0
1657858817.7874743938 0.76500000000000001332 0 0
1657858817.8529493809 0.76000000000000000888 0 0
1657858817.9299607277 0.76000000000000000888 0 0
1657858817.9964766502 0.76500000000000001332 0 0
1657858818.0618431568 0.76000000000000000888 0 0
1657858818.1280796528 0.76500000000000001332 0 0
1657858818.1937127113 0.76500000000000001332 0 0
1657858818.2712185383 0.76500000000000001332 0 0
1657858818.3375346661 0.76500000000000001332 0 0
1657858818.4141132832 0.76500000000000001332 0 0
1657858818.4909422398 0.76500000000000001332 0 0
1657858818.5680069923 0.76500000000000001332 0 0
1657858818.6449415684 0.76500000000000001332 0 0
1657858818.7221777439 0.84499999999999997335 0 0
1657858818.7885243893 0.8350000000000000755 0 0
1657858818.8540904522 0.89500000000000001776 0 0
1657858818.9199266434 0.89500000000000001776 0 0
1657858818.997023344 0.9000000000000000222 0 0
1657858819.0631074905 0.89500000000000001776 0 0
1657858819.1292643547 0.89500000000000001776 0 0
1657858819.1947402954 0.89500000000000001776 0 0
1657858819.2719109058 0.89500000000000001776 0 0
1657858819.3488821983 0.91500000000000003553 0 0
1657858819.4259040356 1 0 0
1657858819.5032320023 1 0 0
1657858819.56863904 1 0 0
1657858819.6456542015 1 0 0
1657858819.7120840549 1 0 0
1657858819.7776246071 1 0 0
1657858819.8548882008 1 0 0
1657858819.9318604469 1 0 0
1657858820.0095543861 1 0 0
1657858820.0746865273 1 0 0
1657858820.1517875195 1 0 0
1657858820.2291858196 0.94500000000000006217 0 0
1657858820.2946460247 0.95500000000000007105 0 0
1657858820.3718848228 0.95500000000000007105 0 0
1657858820.4489612579 0.95500000000000007105 0 0
1657858820.5257894993 1 0 0
1657858820.6034202576 1 0 0
1657858820.6687362194 1 0 0
1657858820.7457098961 1 0 0
1657858820.8229036331 1 0 0
1657858820.9000365734 1 0 0
1657858820.9769961834 1 0 0
1657858821.0436344147 0.92999999999999993783 0 0
1657858821.1198680401 0.92999999999999993783 0 0
1657858821.1860835552 0.92999999999999993783 0 0
1657858821.252607584 0.93999999999999994671 0 0
1657858821.3182718754 0.93999999999999994671 0 0
1657858821.3843314648 0.9000000000000000222 0 0
1657858821.4500653744 0.91500000000000003553 0 0
1657858821.5160570145 0.91500000000000003553 0 0
1657858821.5825998783 0.85999999999999987566 0 0
1657858821.6478309631 0.85999999999999987566 0 0
1657858821.7249953747 0.86499999999999999112 0 0
1657858821.7906537056 0.875 0 0
1657858821.857080698 0.875 0 0
1657858821.9225950241 0.875 0 0
1657858821.9890835285 0.86499999999999999112 0 0
1657858822.0660574436 0.86499999999999999112 0 0
1657858822.1426942348 0.91500000000000003553 0 0
1657858822.2204031944 0.92500000000000004441 0 0
1657858822.2858390808 0.92500000000000004441 0 0
1657858822.3522205353 0.92500000000000004441 0 0
1657858822.4179496765 0.97999999999999998224 0 0
1657858822.4952127934 1 0 0
1657858822.5606973171 1 0 0
1657858822.6379563808 1 0 0
1657858822.7149684429 1 0 0
1657858822.7920384407 1 0 0
1657858822.8576846123 1 0 0
1657858822.9240005016 1 0 0
1657858823.0010612011 1 0 0
1657858823.0669407845 1 0 0
1657858823.1441764832 1 0 0
1657858823.2105619907 1 0 0
1657858823.2761113644 1 0 0
1657858823.3417081833 1 0 0
1657858823.4187395573 1 0 0
1657858823.4854424 1 0 0
1657858823.551630497 1 0 0
1657858823.6276390553 1 0 0
1657858823.7048845291 1 0 0
1657858823.7822759151 1 0 0
1657858823.8478748798 0.99499999999999999556 0 0
1657858823.9249560833 1 0 0
1657858824.0022313595 1 0 0
1657858824.0686600208 0.99499999999999999556 0 0
1657858824.1340818405 1 0 0
1657858824.210999012 1 0 0
1657858824.2880914211 1 0 0
1657858824.3545591831 1 0 0
1657858824.4200339317 1 0 0
1657858824.4857506752 1 0 0
1657858824.5630936623 1 0 0
1657858824.6295466423 1 0 0
1657858824.7057645321 1 0 0
1657858824.7828006744 1 0 0
1657858824.8597221375 1 0 0
1657858824.9368565083 1 0 0
1657858825.013957262 1 0 0
1657858825.0911140442 1 0 0
1657858825.1681816578 1 0 0
1657858825.234508276 1 0 0
1657858825.3002450466 1 0 0
1657858825.3658895493 1 0 0
1657858825.4431567192 1 0 0
1657858825.5088016987 1 0 0
1657858825.5858855247 1 0 0
1657858825.6630373001 1 0 0
1657858825.7399888039 1 0 0
1657858825.8169434071 1 0 0
1657858825.8941261768 1 0 0
1657858825.9606294632 1 0 0
1657858826.0366654396 1 0 0
1657858826.1030461788 1 0 0
1657858826.1798257828 1 0 0
1657858826.2571017742 1 0 0
1657858826.3341066837 1 0 0
1657858826.3996152878 1 0 0
1657858826.4770150185 1 0 0
1657858826.5538237095 1 0 0
1657858826.6315877438 1 0 0
1657858826.6976070404 1 0 0
1657858826.7632875443 1 0 0
1657858826.8291482925 1 0 0
1657858826.894649744 1 0 0
1657858826.9716441631 1 0 0
1657858827.0487682819 1 0 0
1657858827.1260774136 1 0 0
1657858827.1916399002 1 0 0
1657858827.2580611706 1 0 0
1657858827.3353259563 1 0 0
1657858827.4007484913 1 0 0
1657858827.4778494835 1 0 0
1657858827.5549166203 1 0 0
1657858827.6321647167 1 0 0
1657858827.6977434158 1 0 0
1657858827.7641043663 1 0 0
1657858827.840703249 1 0 0
1657858827.9185688496 1 0 0
1657858827.9947061539 1 0 0
1657858828.0611863136 1 0 0
1657858828.1383445263 1 0 0
1657858828.2040438652 1 0 0
1657858828.2812020779 1 0 0
1657858828.3467483521 1 0 0
1657858828.4238035679 1 0 0
1657858828.5008022785 1 0 0
1657858828.5778663158 1 0 0
1657858828.6554844379 1 0 0
1657858828.7207949162 1 0 0
1657858828.7979164124 1 0 0
1657858828.8641660213 1 0 0
1657858828.9411187172 1 0 0
1657858829.0184049606 1 0 0
1657858829.0843937397 1 0 0
1657858829.1506297588 1 0 0
1657858829.2164411545 1 0 0
1657858829.2820539474 1 0 0
1657858829.348590374 1 0 0
1657858829.4247655869 1 0 0
1657858829.5017483234 1 0 0
1657858829.5787453651 1 0 0
1657858829.6557486057 1 0 0
1657858829.7225933075 1 0 0
1657858829.7882871628 1 0 0
1657858829.8539538383 0.94500000000000006217 0 0
1657858829.930814743 0.99499999999999999556 0 0
1657858829.9974935055 1 0 0
1657858830.0629003048 1 0 0
1657858830.140607357 1 0 0
1657858830.2058672905 1 0 0
1657858830.2828230858 1 0 0
1657858830.3492693901 1 0 0
1657858830.426056385 1 0 0
1657858830.503203392 1 0 0
1657858830.5688018799 1 0 0
1657858830.6465206146 1 0 0
1657858830.7119572163 1 0 0
1657858830.7891025543 1 0 0
1657858830.866286993 1 0 0
1657858830.9317276478 1 0 0
1657858831.0089194775 1 0 0
1657858831.0859353542 1 0 0
1657858831.1630773544 1 0 0
1657858831.2402462959 1 0 0
1657858831.3066504002 1 0 0
1657858831.3720033169 1 0 0
1657858831.4487183094 1 0 0
1657858831.5156610012 1 0 0
1657858831.5923213959 1 0 0
1657858831.6586565971 1 0 0
1657858831.7242782116 1 0 0
1657858831.7906889915 1 0 0
1657858831.8560535908 1 0 0
1657858831.9331951141 1 0 0
1657858831.9986724854 1 0 0
1657858832.0757641792 1 0 0
1657858832.1527140141 0.99499999999999999556 0 0
1657858832.2300050259 0.80000000000000004441 0 0
1657858832.3070867062 0.71999999999999997335 0 0
1657858832.3841671944 0.69500000000000006217 0 0
1657858832.4610507488 0.69500000000000006217 0 0
1657858832.5383384228 0.68500000000000005329 0 0
1657858832.6042194366 0.68500000000000005329 0 0
1657858832.6698720455 0.68500000000000005329 0 0
1657858832.7468826771 0.68500000000000005329 0 0
1657858832.8238909245 0.68500000000000005329 0 0
1657858832.9009768963 0.68500000000000005329 0 0
1657858832.9676537514 0.68500000000000005329 0 0
1657858833.0333533287 0.68500000000000005329 0 0
1657858833.0987210274 0.68500000000000005329 0 0
1657858833.1759245396 0.68500000000000005329 0 0
1657858833.2418067455 0.68500000000000005329 0 0
1657858833.3087201118 0.68500000000000005329 0 0
1657858833.3739876747 0.68500000000000005329 0 0
1657858833.4511530399 0.68500000000000005329 0 0
1657858833.5168409348 0.68500000000000005329 0 0
1657858833.5941278934 0.68500000000000005329 0 0
1657858833.6711552143 0.68500000000000005329 0 0
1657858833.7481853962 0.68500000000000005329 0 0
1657858833.8145196438 0.68500000000000005329 0 0
1657858833.8804144859 0.68500000000000005329 0 0
1657858833.9458210468 0.68500000000000005329 0 0
1657858834.0229685307 0.68500000000000005329 0 0
1657858834.1001102924 0.68500000000000005329 0 0
1657858834.1772756577 0.68500000000000005329 0 0
1657858834.2538328171 0.68500000000000005329 0 0
1657858834.3309664726 0.68500000000000005329 0 0
1657858834.4082186222 0.68999999999999994671 0 0
1657858834.4853186607 0.68500000000000005329 0 0
1657858834.5512211323 0.68500000000000005329 0 0
1657858834.6170711517 0.68500000000000005329 0 0
1657858834.6940009594 0.68500000000000005329 0 0
1657858834.7716665268 0.68500000000000005329 0 0
1657858834.8372318745 0.68500000000000005329 0 0
1657858834.9145958424 0.68500000000000005329 0 0
1657858834.9919116497 0.68500000000000005329 0 0
1657858835.0573382378 0.68500000000000005329 0 0
1657858835.134124279 0.68500000000000005329 0 0
1657858835.2112169266 0.68500000000000005329 0 0
1657858835.2771112919 0.68999999999999994671 0 0
1657858835.3537015915 0.68500000000000005329 0 0
1657858835.420497179 0.68500000000000005329 0 0
1657858835.486471653 0.68500000000000005329 0 0
1657858835.5521657467 0.68500000000000005329 0 0
1657858835.6294379234 0.68500000000000005329 0 0
1657858835.6949589252 0.72999999999999998224 0 0
1657858835.7720241547 0.7249999999999999778 0 0
1657858835.8489217758 0.72999999999999998224 0 0
1657858835.9259543419 0.72999999999999998224 0 0
1657858836.002954483 0.72999999999999998224 0 0
1657858836.079885006 0.72999999999999998224 0 0
1657858836.1568539143 0.71999999999999997335 0 0
1657858836.2347209454 0.77000000000000001776 0 0
1657858836.3003406525 0.77000000000000001776 0 0
1657858836.3769209385 0.77000000000000001776 0 0
1657858836.4539418221 0.8350000000000000755 0 0
1657858836.5308318138 0.95999999999999996447 0 0
1657858836.6081209183 1 0 0
1657858836.6851522923 1 0 0
1657858836.751273632 1 0 0
1657858836.828135252 1 0 0
1657858836.8941924572 1 0 0
1657858836.9602353573 1 0 0
1657858837.0377140045 1 0 0
1657858837.1030783653 0.96999999999999997335 0 0
1657858837.1803152561 0.96999999999999997335 0 0
1657858837.2458872795 0.96999999999999997335 0 0
1657858837.3230524063 0.96999999999999997335 0 0
1657858837.3999750614 0.96999999999999997335 0 0
1657858837.4769032001 0.92999999999999993783 0 0
1657858837.5546622276 0.92999999999999993783 0 0
1657858837.6205630302 0.93999999999999994671 0 0
1657858837.6973600388 0.94500000000000006217 0 0
1657858837.7739076614 1 0 0
1657858837.8508584499 1 0 0
1657858837.9280071259 1 0 0
1657858837.9939703941 1 0 0
1657858838.0711071491 1 0 0
1657858838.1481986046 1 0 0
1657858838.2251563072 1 0 0
1657858838.3022325039 1 0 0
1657858838.3680706024 1 0 0
1657858838.4451365471 1 0 0
1657858838.5222036839 1 0 0
1657858838.6026911736 0.94500000000000006217 0 0
1657858838.6868872643 0.79499999999999992895 0 0
1657858838.7528781891 0.79499999999999992895 0 0
1657858838.8305881023 0.79499999999999992895 0 0
1657858838.9070177078 0.80000000000000004441 0 0
1657858838.9838383198 0.79499999999999992895 0 0
1657858839.061435461 0.79499999999999992895 0 0
1657858839.1270573139 0.79499999999999992895 0 0
1657858839.2041754723 0.79499999999999992895 0 0
1657858839.281308651 0.79499999999999992895 0 0
1657858839.3468470573 0.79499999999999992895 0 0
1657858839.4242708683 0.79499999999999992895 0 0
1657858839.5011608601 0.79499999999999992895 0 0
1657858839.5785093307 0.79499999999999992895 0 0
1657858839.6558237076 0.79499999999999992895 0 0
1657858839.7317340374 0.78499999999999992006 0 0
1657858839.8088130951 0.79499999999999992895 0 0
1657858839.8860712051 0.79499999999999992895 0 0
1657858839.9633903503 0.79499999999999992895 0 0
1657858840.0291497707 0.79499999999999992895 0 0
1657858840.1060729027 0.79499999999999992895 0 0
1657858840.1727435589 0.93999999999999994671 0 0
1657858840.2382736206 1 0 0
1657858840.3040776253 1 0 0
1657858840.3810894489 1 0 0
1657858840.4582059383 1 0 0
1657858840.535317421 1 0 0
1657858840.6008076668 1 0 0
1657858840.667386055 1 0 0
1657858840.7329261303 1 0 0
1657858840.8102786541 1 0 0
1657858840.8874144554 1 0 0
1657858840.9537365437 0.95999999999999996447 0 0
1657858841.0303838253 0.94500000000000006217 0 0
1657858841.096123457 0.93999999999999994671 0 0
1657858841.1624760628 0.83000000000000007105 0 0
1657858841.2277998924 0.83000000000000007105 0 0
1657858841.3048632145 0.83000000000000007105 0 0
1657858841.3827211857 0.83000000000000007105 0 0
1657858841.4481067657 0.83000000000000007105 0 0
1657858841.525033474 0.76500000000000001332 0 0
1657858841.6021151543 0.73999999999999999112 0 0
1657858841.6790986061 0.74499999999999999556 0 0
1657858841.7571613789 0.74499999999999999556 0 0
1657858841.8332173824 0.75 0 0
1657858841.9102933407 0.76500000000000001332 0 0
1657858841.9875226021 0.7750000000000000222 0 0
1657858842.0535132885 0.78000000000000002665 0 0
1657858842.1195175648 0.78000000000000002665 0 0
1657858842.1857273579 0.78000000000000002665 0 0
1657858842.2517416477 0.7750000000000000222 0 0
1657858842.3279623985 0.7750000000000000222 0 0
1657858842.4051027298 0.7750000000000000222 0 0
1657858842.48224473 0.7750000000000000222 0 0
1657858842.5596654415 0.76500000000000001332 0 0
1657858842.6361379623 0.76500000000000001332 0 0
1657858842.7128059864 0.76500000000000001332 0 0
1657858842.7798435688 0.76500000000000001332 0 0
1657858842.8450062275 0.76500000000000001332 0 0
1657858842.9220509529 0.76000000000000000888 0 0
1657858842.9993252754 0.76500000000000001332 0 0
1657858843.0655186176 0.7750000000000000222 0 0
1657858843.1318395138 0.7750000000000000222 0 0
1657858843.2083368301 0.76500000000000001332 0 0
1657858843.2854049206 0.7750000000000000222 0 0
1657858843.3618733883 0.7750000000000000222 0 0
1657858843.4284062386 0.7750000000000000222 0 0
1657858843.4938616753 0.76500000000000001332 0 0
1657858843.5713274479 0.7750000000000000222 0 0
1657858843.6369712353 0.7750000000000000222 0 0
1657858843.7035288811 0.7750000000000000222 0 0
1657858843.7698004246 0.7750000000000000222 0 0
1657858843.8353662491 0.7750000000000000222 0 0
1657858843.901109457 0.76500000000000001332 0 0
1657858843.9786143303 0.76500000000000001332 0 0
1657858844.0438468456 0.7750000000000000222 0 0
1657858844.1217763424 0.7750000000000000222 0 0
1657858844.1877346039 0.7750000000000000222 0 0
1657858844.2531206608 0.7750000000000000222 0 0
1657858844.3300738335 0.7750000000000000222 0 0
1657858844.4072189331 0.7750000000000000222 0 0
1657858844.4842340946 0.7750000000000000222 0 0
1657858844.5611288548 0.7750000000000000222 0 0
1657858844.6386325359 0.7750000000000000222 0 0
1657858844.7040565014 0.7750000000000000222 0 0
1657858844.7816255093 0.7750000000000000222 0 0
1657858844.8468542099 0.7750000000000000222 0 0
1657858844.9248034954 0.7750000000000000222 0 0
1657858844.9900960922 0.7750000000000000222 0 0
1657858845.0674049854 0.7750000000000000222 0 0
1657858845.1328895092 0.7750000000000000222 0 0
1657858845.2101063728 0.7750000000000000222 0 0
1657858845.2876832485 0.7750000000000000222 0 0
1657858845.3531932831 0.7750000000000000222 0 0
1657858845.4304509163 0.7750000000000000222 0 0
1657858845.4960215092 0.7750000000000000222 0 0
1657858845.5731999874 0.7750000000000000222 0 0
1657858845.650415659 0.7750000000000000222 0 0
1657858845.7158622742 0.7750000000000000222 0 0
1657858845.7931973934 0.7750000000000000222 0 0
1657858845.8700249195 0.7750000000000000222 0 0
1657858845.9470977783 0.7750000000000000222 0 0
1657858846.0242884159 0.7750000000000000222 0 0
1657858846.1013784409 0.7750000000000000222 0 0
1657858846.166821003 0.7750000000000000222 0 0
1657858846.2333903313 0.7750000000000000222 0 0
1657858846.2993407249 0.76500000000000001332 0 0
1657858846.3658680916 0.7750000000000000222 0 0
1657858846.4418635368 0.7750000000000000222 0 0
1657858846.5191686153 0.76500000000000001332 0 0
1657858846.5852632523 0.76500000000000001332 0 0
1657858846.6620020866 0.7750000000000000222 0 0
1657858846.7398369312 0.7750000000000000222 0 0
1657858846.8158175945 0.7750000000000000222 0 0
1657858846.8929257393 0.7750000000000000222 0 0
1657858846.9700272083 0.7750000000000000222 0 0
1657858847.0471384525 0.76500000000000001332 0 0
1657858847.1247136593 0.76500000000000001332 0 0
1657858847.1902103424 0.76500000000000001332 0 0
1657858847.2673244476 0.76500000000000001332 0 0
1657858847.3443622589 0.76500000000000001332 0 0
1657858847.4104239941 0.76500000000000001332 0 0
1657858847.47635746 0.76500000000000001332 0 0
1657858847.5536775589 0.76500000000000001332 0 0
1657858847.6304688454 0.76500000000000001332 0 0
1657858847.6987876892 0.76500000000000001332 0 0
1657858847.7738251686 0.76500000000000001332 0 0
1657858847.8498466015 0.76000000000000000888 0 0
1657858847.9270205498 0.75 0 0
1657858848.0148553848 0.75 0 0
1657858848.0919725895 0.73499999999999998668 0 0
1657858848.1691710949 0.72999999999999998224 0 0
1657858848.2461993694 0.72999999999999998224 0 0
1657858848.3238127232 0.73499999999999998668 0 0
1657858848.389472723 0.73499999999999998668 0 0
1657858848.4658257961 0.73499999999999998668 0 0
1657858848.5319108963 0.73499999999999998668 0 0
1657858848.598098278 0.73499999999999998668 0 0
1657858848.6750769615 0.73499999999999998668 0 0
1657858848.7528345585 0.73499999999999998668 0 0
1657858848.8291084766 0.72999999999999998224 0 0
1657858848.9060988426 0.73499999999999998668 0 0
1657858848.9836387634 0.73499999999999998668 0 0
1657858849.0489225388 0.73499999999999998668 0 0
1657858849.1260294914 0.73499999999999998668 0 0
1657858849.2034311295 0.75500000000000000444 0 0
1657858849.280421257 0.76500000000000001332 0 0
1657858849.3460416794 0.76500000000000001332 0 0
1657858849.4232695103 0.76500000000000001332 0 0
1657858849.489376545 0.76500000000000001332 0 0
1657858849.5552809238 0.76500000000000001332 0 0
1657858849.6323158741 0.76500000000000001332 0 0
1657858849.7097501755 0.89500000000000001776 0 0
1657858849.7753059864 0.96999999999999997335 0 0
1657858849.8527619839 1 0 0
1657858849.9186336994 1 0 0
1657858849.9838581085 1 0 0
1657858850.0507452488 1 0 0
1657858850.116338253 1 0 0
1657858850.181899786 1 0 0
1657858850.2598273754 1 0 0
1657858850.3256857395 1 0 0
1657858850.3912744522 1 0 0
1657858850.4684407711 1 0 0
1657858850.5339343548 1 0 0
1657858850.6002261639 1 0 0
1657858850.6771285534 1 0 0
1657858850.7539756298 1 0 0
1657858850.8309500217 1 0 0
1657858850.9081525803 1 0 0
1657858850.9853746891 1 0 0
1657858851.0512166023 1 0 0
1657858851.1281363964 1 0 0
1657858851.1946668625 1 0 0
1657858851.2604930401 1 0 0
1657858851.325912714 1 0 0
1657858851.4032740593 1 0 0
1657858851.4698321819 1 0 0
1657858851.5349898338 1 0 0
1657858851.6118304729 1 0 0
1657858851.6782023907 1 0 0
1657858851.7550933361 1 0 0
1657858851.8322927952 1 0 0
1657858851.9093675613 1 0 0
1657858851.9863941669 1 0 0
1657858852.0632603168 1 0 0
1657858852.1403872967 1 0 0
1657858852.2173042297 1 0 0
1657858852.2833147049 1 0 0
1657858852.3601076603 1 0 0
1657858852.4371283054 1 0 0
1657858852.5145049095 1 0 0
1657858852.5803804398 1 0 0
1657858852.6464750767 1 0 0
1657858852.7122046947 1 0 0
1657858852.789763689 1 0 0
1657858852.8555233479 1 0 0
1657858852.9325942993 1 0 0
1657858852.9980163574 1 0 0
1657858853.0750131607 1 0 0
1657858853.152030468 1 0 0
1657858853.2290537357 1 0 0
1657858853.3061840534 1 0 0
1657858853.3831486702 1 0 0
1657858853.4601492882 1 0 0
1657858853.5390303135 1 0 0
1657858853.6144032478 1 0 0
1657858853.6804633141 1 0 0
1657858853.7466783524 1 0 0
1657858853.8125534058 1 0 0
1657858853.8781118393 1 0 0
1657858853.9551970959 1 0 0
1657858854.0322482586 1 0 0
1657858854.1094098091 1 0 0
1657858854.1863863468 1 0 0
1657858854.2634751797 1 0 0
1657858854.3291902542 1 0 0
1657858854.4061567783 1 0 0
1657858854.4832389355 1 0 0
1657858854.560295105 1 0 0
1657858854.6372995377 1 0 0
1657858854.7142641544 1 0 0
1657858854.791506052 1 0 0
1657858854.8576207161 1 0 0
1657858854.9237966537 1 0 0
1657858854.9892315865 1 0 0
1657858855.0664508343 1 0 0
1657858855.1322805882 0.96999999999999997335 0 0
1657858855.2094414234 0.96999999999999997335 0 0
1657858855.2748918533 0.95999999999999996447 0 0
1657858855.3412971497 0.95999999999999996447 0 0
1657858855.4188747406 0.95999999999999996447 0 0
1657858855.4952638149 0.95999999999999996447 0 0
1657858855.5721745491 0.95999999999999996447 0 0
1657858855.6492340565 0.95999999999999996447 0 0
1657858855.7263851166 0.95999999999999996447 0 0
1657858855.8034014702 0.95999999999999996447 0 0
1657858855.8695628643 0.95500000000000007105 0 0
1657858855.9359302521 0.95999999999999996447 0 0
1657858856.001303196 0.95999999999999996447 0 0
1657858856.0789525509 0.95999999999999996447 0 0
1657858856.1556088924 0.89000000000000001332 0 0
1657858856.232213974 0.84499999999999997335 0 0
1657858856.3093152046 0.78499999999999992006 0 0
1657858856.3865282536 0.78000000000000002665 0 0
1657858856.4521942139 0.78000000000000002665 0 0
1657858856.5291948318 0.78000000000000002665 0 0
1657858856.6068146229 0.83000000000000007105 0 0
1657858856.6724750996 0.89000000000000001332 0 0
1657858856.738158226 0.89500000000000001776 0 0
1657858856.8153140545 1 0 0
1657858856.8920867443 1 0 0
1657858856.9691178799 1 0 0
1657858857.0463500023 1 0 0
1657858857.1235339642 1 0 0
1657858857.2004318237 0.92999999999999993783 0 0
1657858857.2776122093 0.89500000000000001776 0 0
1657858857.3431618214 0.85499999999999998224 0 0
1657858857.4202990532 0.85499999999999998224 0 0
1657858857.4973552227 0.85499999999999998224 0 0
1657858857.5745253563 0.8499999999999999778 0 0
1657858857.6403970718 0.85499999999999998224 0 0
1657858857.7062921524 0.85499999999999998224 0 0
1657858857.7832491398 0.85999999999999987566 0 0
1657858857.8603425026 0.85499999999999998224 0 0
1657858857.9371449947 0.85499999999999998224 0 0
1657858858.0143144131 0.85499999999999998224 0 0
1657858858.0910763741 0.85499999999999998224 0 0
1657858858.168129921 0.85499999999999998224 0 0
1657858858.2449626923 0.85499999999999998224 0 0
1657858858.3224217892 0.8499999999999999778 0 0
1657858858.3995659351 0.8499999999999999778 0 0
1657858858.465264082 0.85499999999999998224 0 0
1657858858.5426256657 0.85499999999999998224 0 0
1657858858.6082181931 0.85499999999999998224 0 0
1657858858.6855380535 0.85499999999999998224 0 0
1657858858.7520093918 0.85499999999999998224 0 0
1657858858.8170702457 0.85499999999999998224 0 0
1657858858.8948523998 0.85499999999999998224 0 0
1657858858.9602310658 0.8499999999999999778 0 0
1657858859.0371692181 0.8499999999999999778 0 0
1657858859.1143174171 0.85499999999999998224 0 0
1657858859.1915428638 0.85499999999999998224 0 0
1657858859.2688031197 0.85499999999999998224 0 0
1657858859.3456127644 0.85499999999999998224 0 0
1657858859.4221999645 0.85499999999999998224 0 0
1657858859.4990019798 0.85499999999999998224 0 0
1657858859.5760712624 0.85499999999999998224 0 0
1657858859.6531419754 0.8499999999999999778 0 0
1657858859.7302074432 0.85499999999999998224 0 0
1657858859.8073921204 0.85499999999999998224 0 0
1657858859.873557806 0.8499999999999999778 0 0
1657858859.9503397942 0.85499999999999998224 0 0
1657858860.027289629 0.85499999999999998224 0 0
1657858860.1044514179 0.85499999999999998224 0 0
1657858860.1816444397 0.85499999999999998224 0 0
1657858860.2471702099 0.85499999999999998224 0 0
1657858860.3248071671 0.85499999999999998224 0 0
1657858860.4012269974 0.8499999999999999778 0 0
1657858860.4783685207 0.8499999999999999778 0 0
1657858860.5553195477 0.8499999999999999778 0 0
1657858860.6322090626 0.85499999999999998224 0 0
1657858860.6988470554 0.85499999999999998224 0 0
1657858860.7644953728 0.85499999999999998224 0 0
1657858860.8306701183 0.85499999999999998224 0 0
1657858860.8966243267 0.8499999999999999778 0 0
1657858860.9620683193 0.8499999999999999778 0 0
1657858861.0397007465 0.8499999999999999778 0 0
1657858861.1160261631 0.8499999999999999778 0 0
1657858861.1823036671 0.8499999999999999778 0 0
1657858861.2593882084 0.8499999999999999778 0 0
1657858861.3365097046 0.8499999999999999778 0 0
1657858861.4138801098 0.81499999999999994671 0 0
1657858861.490344286 0.78000000000000002665 0 0
1657858861.5672757626 0.78000000000000002665 0 0
1657858861.6444160938 0.70999999999999996447 0 0
1657858861.7100632191 0.69500000000000006217 0 0
1657858861.7879858017 0.69500000000000006217 0 0
1657858861.8532278538 0.69500000000000006217 0 0
1657858861.9307851791 0.69500000000000006217 0 0
1657858862.0075166225 0.69500000000000006217 0 0
1657858862.0861783028 0.69500000000000006217 0 0
1657858862.1724176407 0.69500000000000006217 0 0
1657858862.2492930889 0.69500000000000006217 0 0
1657858862.3267009258 0.69500000000000006217 0 0
1657858862.3922526836 0.69500000000000006217 0 0
1657858862.4691729546 0.69500000000000006217 0 0
1657858862.546151638 0.68999999999999994671 0 0
1657858862.6233432293 0.69500000000000006217 0 0
1657858862.70048666 0.69500000000000006217 0 0
1657858862.7774813175 0.69500000000000006217 0 0
1657858862.8548517227 0.69500000000000006217 0 0
1657858862.9202933311 0.69500000000000006217 0 0
1657858862.9975039959 0.69500000000000006217 0 0
1657858863.0744216442 0.69500000000000006217 0 0
1657858863.1513669491 0.69500000000000006217 0 0
1657858863.2284185886 0.69500000000000006217 0 0
1657858863.3055858612 0.79499999999999992895 0 0
1657858863.3711271286 0.79499999999999992895 0 0
1657858863.4481759071 0.78499999999999992006 0 0
1657858863.5253801346 0.78499999999999992006 0 0
1657858863.6023938656 0.78499999999999992006 0 0
1657858863.6794919968 0.78499999999999992006 0 0
1657858863.7452225685 0.78499999999999992006 0 0
1657858863.8225300312 0.78499999999999992006 0 0
1657858863.8996961117 0.78499999999999992006 0 0
1657858863.9651694298 0.91500000000000003553 0 0
1657858864.0537610054 1 0 0
1657858864.1197047234 1 0 0
1657858864.1853091717 1 0 0
1657858864.262311697 1 0 0
1657858864.3394002914 1 0 0
1657858864.4165258408 1 0 0
1657858864.4824609756 1 0 0
1657858864.5595006943 1 0 0
1657858864.6364951134 0.89500000000000001776 0 0
1657858864.71362257 0.8499999999999999778 0 0
1657858864.7906448841 0.85499999999999998224 0 0
1657858864.8561306 0.82000000000000006217 0 0
1657858864.9339988232 0.82000000000000006217 0 0
1657858864.9994242191 0.8499999999999999778 0 0
1657858865.076363802 0.98499999999999998668 0 0
1657858865.1533918381 1 0 0
1657858865.2307887077 1 0 0
1657858865.2965242863 0.97999999999999998224 0 0
1657858865.373609066 0.95999999999999996447 0 0
1657858865.4390661716 0.95999999999999996447 0 0
1657858865.5057067871 0.95999999999999996447 0 0
1657858865.5711696148 0.95999999999999996447 0 0
1657858865.648286581 0.95999999999999996447 0 0
1657858865.7254500389 0.95500000000000007105 0 0
1657858865.8024222851 0.95500000000000007105 0 0
1657858865.8792557716 0.95500000000000007105 0 0
1657858865.9561932087 0.95500000000000007105 0 0
1657858866.0330986977 0.95500000000000007105 0 0
1657858866.110188961 0.95500000000000007105 0 0
1657858866.187766552 0.95500000000000007105 0 0
1657858866.2532463074 0.95500000000000007105 0 0
1657858866.3311178684 0.95500000000000007105 0 0
1657858866.3968920708 0.95500000000000007105 0 0
1657858866.4624526501 0.95999999999999996447 0 0
1657858866.5392405987 0.91500000000000003553 0 0
1657858866.6160693169 0.89500000000000001776 0 0
1657858866.6932892799 0.9000000000000000222 0 0
1657858866.7701678276 0.89500000000000001776 0 0
1657858866.8473448753 0.95999999999999996447 0 0
1657858866.9251246452 1 0 0
1657858867.0014593601 1 0 0
1657858867.0785319805 1 0 0
1657858867.1557788849 0.94500000000000006217 0 0
1657858867.2211284637 0.89500000000000001776 0 0
1657858867.2981684208 0.89500000000000001776 0 0
1657858867.3752930164 0.89500000000000001776 0 0
1657858867.4522726536 0.89500000000000001776 0 0
1657858867.5294685364 0.9000000000000000222 0 0
1657858867.5951631069 0.9000000000000000222 0 0
1657858867.6721715927 0.9000000000000000222 0 0
1657858867.749350071 0.9000000000000000222 0 0
1657858867.8264391422 0.89500000000000001776 0 0
1657858867.9034974575 0.89500000000000001776 0 0
1657858867.9805493355 0.89500000000000001776 0 0
1657858868.0575284958 0.9000000000000000222 0 0
1657858868.1344599724 1 0 0
1657858868.211714983 1 0 0
1657858868.2780964375 1 0 0
1657858868.3435053825 1 0 0
1657858868.4206335545 1 0 0
1657858868.4976570606 1 0 0
1657858868.5747351646 1 0 0
1657858868.6402637959 1 0 0
1657858868.7067394257 1 0 0
1657858868.7720797062 1 0 0
1657858868.8387913704 1 0 0
1657858868.9041311741 1 0 0
1657858868.9706163406 1 0 0
1657858869.0361607075 1 0 0
1657858869.1140766144 1 0 0
1657858869.1794216633 1 0 0
1657858869.2564527988 1 0 0
1657858869.3335261345 1 0 0
1657858869.4106140137 1 0 0
1657858869.4770543575 1 0 0
1657858869.5424160957 1 0 0
1657858869.6195135117 1 0 0
1657858869.6963849068 1 0 0
1657858869.7734382153 1 0 0
1657858869.8504192829 1 0 0
1657858869.9275043011 1 0 0
1657858870.0051393509 1 0 0
1657858870.0704519749 1 0 0
1657858870.147790432 1 0 0
1657858870.2133438587 1 0 0
1657858870.2905039787 1 0 0
1657858870.3674838543 1 0 0
1657858870.4446487427 1 0 0
1657858870.5215775967 1 0 0
1657858870.5880944729 1 0 0
1657858870.6535515785 1 0 0
1657858870.7192811966 1 0 0
1657858870.7963895798 1 0 0
1657858870.8732113838 1 0 0
1657858870.9503011703 1 0 0
1657858871.0272271633 1 0 0
1657858871.1041910648 1 0 0
1657858871.1821069717 1 0 0
1657858871.2583193779 1 0 0
1657858871.3353939056 1 0 0
1657858871.4124526978 1 0 0
1657858871.4895174503 1 0 0
1657858871.5664451122 1 0 0
1657858871.6436624527 1 0 0
1657858871.7091085911 1 0 0
1657858871.7871494293 1 0 0
1657858871.8528254032 1 0 0
1657858871.9187633991 1 0 0
1657858871.9849083424 1 0 0
1657858872.0506505966 1 0 0
1657858872.1165037155 1 0 0
1657858872.1936779022 1 0 0
1657858872.2591357231 0.95500000000000007105 0 0
1657858872.3361649513 0.95500000000000007105 0 0
1657858872.4131886959 0.95500000000000007105 0 0
1657858872.4795629978 0.95500000000000007105 0 0
1657858872.5565285683 0.95500000000000007105 0 0
1657858872.6337428093 0.92500000000000004441 0 0
1657858872.7105472088 0.78499999999999992006 0 0
1657858872.787569046 0.70999999999999996447 0 0
1657858872.864243269 0.6500000000000000222 0 0
1657858872.9413552284 0.61499999999999999112 0 0
1657858873.0078437328 0.60499999999999998224 0 0
1657858873.073318243 0.5999999999999999778 0 0
1657858873.1504428387 0.5999999999999999778 0 0
1657858873.2166845798 0.5999999999999999778 0 0
1657858873.2932460308 0.58499999999999996447 0 0
1657858873.3710901737 0.57000000000000006217 0 0
1657858873.4365696907 0.57000000000000006217 0 0
1657858873.5136797428 0.57000000000000006217 0 0
1657858873.5798223019 0.57000000000000006217 0 0
1657858873.6455309391 0.57000000000000006217 0 0
1657858873.7226145267 0.57000000000000006217 0 0
1657858873.7994103432 0.57000000000000006217 0 0
1657858873.8765583038 0.57000000000000006217 0 0
1657858873.9429144859 0.57000000000000006217 0 0
1657858874.0089976788 0.57000000000000006217 0 0
1657858874.07462883 0.57000000000000006217 0 0
1657858874.1405420303 0.57000000000000006217 0 0
1657858874.2175781727 0.57000000000000006217 0 0
1657858874.2945547104 0.57000000000000006217 0 0
1657858874.3715405464 0.66500000000000003553 0 0
1657858874.437846899 0.68500000000000005329 0 0
1657858874.5034797192 0.68500000000000005329 0 0
1657858874.5805447102 0.68500000000000005329 0 0
1657858874.6574237347 0.68500000000000005329 0 0
1657858874.7349267006 0.7249999999999999778 0 0
1657858874.800976038 0.77000000000000001776 0 0
1657858874.8665709496 0.89000000000000001332 0 0
1657858874.9439835548 0.95500000000000007105 0 0
1657858875.0095889568 1 0 0
1657858875.0868268013 1 0 0
1657858875.1530137062 1 0 0
1657858875.218973875 1 0 0
1657858875.2851529121 0.80000000000000004441 0 0
1657858875.3502161503 0.5999999999999999778 0 0
1657858875.4279482365 0.4000000000000000222 0 0
1657858875.4933569431 0.17000000000000001221 0 0
1657858875.5704243183 0 0 0
1657858875.636623621 0 0 0
1657858875.7136416435 0 0 0
1657858875.7906553745 0 0 0
1657858875.8677527905 0 0 0
1657858875.9332923889 0 0 0
1657858876.0103654861 0 0 0
1657858876.0879533291 0 0 0
1657858876.1642751694 0 0 0
1657858876.2416274548 0 0 0
1657858876.31868577 0 0 0
1657858876.3844401836 0 0 0
1657858876.4619762897 0 0 0
1657858876.5276765823 0 0 0
1657858876.6044046879 0 0 0
1657858876.6813390255 0 0 0
1657858876.7584636211 0 0 0
1657858876.8356819153 0 0 0
1657858876.9012451172 0 0 0
1657858876.9783093929 0 0 0
1657858877.0555598736 0 0 0
1657858877.1323916912 0.23000000000000000999 0 0
1657858877.2094237804 0.45499999999999996003 0 0
1657858877.2864465714 0.66500000000000003553 0 0
1657858877.3633983135 0.45999999999999996447 0 0
1657858877.4408984184 0.23000000000000000999 0 0
1657858877.5063705444 0 0 0
1657858877.583302021 0 0 0
1657858877.6604926586 0 0 0
1657858877.7377336025 0.22999999999999998224 0 0
1657858877.8148264885 0.45999999999999990896 0 0
1657858877.8805384636 0.48499999999999998668 0 0
1657858877.9579834938 0.54000000000000003553 0 0
1657858878.0235161781 0.57000000000000006217 0 0
1657858878.0895187855 0.57000000000000006217 0 0
1657858878.1552815437 0.57000000000000006217 0 0
1657858878.2323901653 0.6500000000000000222 0 0
1657858878.3095972538 0.77000000000000001776 0 0
1657858878.3864774704 0.75500000000000000444 0 0
1657858878.4525077343 0.7249999999999999778 0 0
1657858878.5292959213 0.68500000000000005329 0 0
1657858878.6065280437 0.67999999999999993783 0 0
1657858878.6835713387 0.71999999999999997335 0 0
1657858878.760383606 0.84499999999999997335 0 0
1657858878.8372604847 1 0 0
1657858878.9143295288 0.83000000000000007105 0 0
1657858878.9806473255 0.68999999999999994671 0 0
1657858879.0582268238 0.54500000000000003997 0 0
1657858879.1345977783 0.56499999999999994671 0 0
1657858879.2122852802 0.33500000000000001998 0 0
1657858879.2885129452 0.10000000000000000555 0 0
1657858879.3543069363 0 0 0
1657858879.4207279682 -0.030000000000000012768 0 0
1657858879.4976882935 -0.02999999999999999889 0 0
1657858879.5744862556 -0.029999999999999971134 0 0
1657858879.6520764828 -0.005000000000000059952 0 0
1657858879.7178723812 0 0 0
1657858879.7944905758 0 0 0
1657858879.8717179298 0 0 0
1657858879.9484856129 0 0 0
1657858880.0255904198 0 0 0
1657858880.1022639275 0 0 0
1657858880.179346323 0 0 0
1657858880.2571878433 0 0 0
1657858880.3227570057 0 0 0
1657858880.3891103268 0 0 0
1657858880.4544825554 0 0 0
1657858880.5314130783 0 0 0
1657858880.6094322205 0 0 0
1657858880.6858477592 0 0 0
1657858880.7517757416 0 0 0
1657858880.8176133633 0 0 0
1657858880.8946516514 0 0 0
1657858880.9714899063 0 0 0
1657858881.048486948 0 0 0
1657858881.1254570484 0 0 0
1657858881.2024350166 0 0 0
1657858881.2796900272 0.10000000000000000555 0 0
1657858881.3565475941 0.099999999999999977796 0 0
1657858881.4337124825 0 0 0
1657858881.5108606815 0 0 0
1657858881.5764460564 0 0 0
1657858881.6535196304 0 0 0
1657858881.7308106422 0 0 0
1657858881.7963280678 0 0 0
1657858881.8732821941 0 0 0
1657858881.9504129887 0 0 0
1657858882.0276041031 0 0 0
1657858882.1044883728 0 0 0
1657858882.1816253662 0 0 0
1657858882.2481179237 0 0 0
1657858882.313808918 0 0 0
1657858882.3908426762 0 0 0
1657858882.456297636 0 0 0
1657858882.5229094028 0 0 0
1657858882.5882227421 0 0 0
1657858882.6547787189 0 0 0
1657858882.7318477631 0 0 0
1657858882.7976670265 0 0 0
1657858882.8744120598 0 0 0
1657858882.9514291286 0 0 0
1657858883.0285434723 0 0 0
1657858883.1054875851 0 0 0
1657858883.1714673042 0 0 0
1657858883.2485375404 0 0 0
1657858883.3143846989 0 0 0
1657858883.3913447857 0 0 0
1657858883.479383707 0 0 0
1657858883.556812048 0 0 0
1657858883.62251091 0 0 0
1657858883.6996049881 0 0 0
1657858883.7766683102 0 0 0
1657858883.8538277149 0 0 0
1657858883.919303894 0 0 0
1657858883.9963870049 0 0 0
1657858884.0738053322 0 0 0
1657858884.1507411003 0 0 0
1657858884.216391325 0 0 0
1657858884.2934727669 0 0 0
1657858884.370361805 0 0 0
1657858884.4474778175 0 0 0
1657858884.524428606 0 0 0
1657858884.6022388935 0 0 0
1657858884.6677367687 0 0 0
1657858884.7444171906 0 0 0
1657858884.821444273 0 0 0
1657858884.8984706402 0 0 0
1657858884.9756376743 0 0 0
1657858885.0526971817 0 0 0
1657858885.1299123764 0 0 0
1657858885.1953320503 0 0 0
1657858885.2617323399 0 0 0
1657858885.3387751579 0 0 0
1657858885.4052538872 0 0 0
1657858885.470510006 0 0 0
1657858885.5477864742 0 0 0
1657858885.6143043041 0 0 0
1657858885.6903777122 0 0 0
1657858885.7673332691 0 0 0
1657858885.8443713188 0 0 0
1657858885.9217219353 0 0 0
1657858885.9987475872 0 0 0
1657858886.0653305054 0 0 0
1657858886.1304540634 0 0 0
1657858886.2073616982 0 0 0
1657858886.2844004631 0 0 0
1657858886.3615837097 0 0 0
1657858886.438782692 0 0 0
1657858886.505197525 0 0 0
1657858886.5706465244 0 0 0
1657858886.6479997635 0 0 0
1657858886.7135064602 0 0 0
1657858886.7911427021 0 0 0
1657858886.8565948009 0 0 0
1657858886.9334080219 0 0 0
1657858887.0104095936 0 0 0
1657858887.0873699188 0 0 0
1657858887.1539070606 0 0 0
1657858887.2194163799 0 0 0
1657858887.296339035 0 0 0
1657858887.3742902279 0 0 0
1657858887.4395823479 0 0 0
1657858887.5166683197 0 0 0
1657858887.5935921669 0 0 0
1657858887.6704568863 0 0 0
1657858887.7482848167 0 0 0
1657858887.813710928 0 0 0
1657858887.8906991482 0 0 0
1657858887.9675981998 0 0 0
1657858888.0446798801 0 0 0
1657858888.1112794876 0 0 0
1657858888.1769454479 0 0 0
1657858888.2433121204 0 0 0
1657858888.3089561462 0 0 0
1657858888.3743789196 0 0 0
1657858888.4515092373 0 0 0
1657858888.5284891129 0 0 0
1657858888.6055147648 0 0 0
1657858888.6824672222 0 0 0
1657858888.7594907284 0 0 0
1657858888.8363335133 0 0 0
1657858888.9028429985 0 0 0
1657858888.9798169136 0 0 0
1657858889.0567610264 0 0 0
1657858889.1343135834 0 0 0
1657858889.199906826 0 0 0
1657858889.2654538155 0 0 0
1657858889.3423309326 0 0 0
1657858889.4085967541 0 0 0
1657858889.48574543 0 0 0
1657858889.5516018867 0 0 0
1657858889.6286315918 0 0 0
1657858889.7056789398 0 0 0
1657858889.7826457024 0 0 0
1657858889.8598332405 0 0 0
1657858889.9368600845 0 0 0
1657858890.0137224197 0 0 0
1657858890.0907349586 0 0 0
1657858890.1678471565 0 0 0
1657858890.2448847294 0 0 0
1657858890.310406208 0 0 0
1657858890.3875005245 0 0 0
1657858890.4644508362 0 0 0
1657858890.5414736271 0 0 0
1657858890.6078424454 0 0 0
1657858890.6848976612 0 0 0
1657858890.7619304657 0 0 0
1657858890.8275234699 0 0 0
1657858890.9047138691 0 0 0
1657858890.9816877842 0 0 0
1657858891.0585606098 0 0 0
1657858891.1355798244 0 0 0
1657858891.2126147747 0 0 0
1657858891.2895679474 0 0 0
1657858891.3666994572 0 0 0
1657858891.4323661327 0 0 0
1657858891.4987618923 0 0 0
1657858891.5759322643 0 0 0
1657858891.6413924694 0 0 0
1657858891.7079546452 0 0 0
1657858891.7734315395 0 0 0
1657858891.839641571 0 0 0
1657858891.916662693 0 0 0
1657858891.9935758114 0 0 0
1657858892.0706460476 0 0 0
1657858892.1478338242 0 0 0
1657858892.2249515057 0 0 0
1657858892.2913336754 0 0 0
1657858892.3568544388 0 0 0
1657858892.4336740971 0 0 0
1657858892.5108647346 0 0 0
1657858892.5764508247 0 0 0
1657858892.6535942554 0 0 0
1657858892.7307665348 0 0 0
1657858892.8076863289 0 0 0
1657858892.8851733208 0 0 0
1657858892.9507422447 0 0 0
1657858893.0274374485 0 0 0
1657858893.1044127941 0 0 0
1657858893.1708860397 0 0 0
1657858893.2480299473 0 0 0
1657858893.3134644032 0 0 0
1657858893.3904731274 0 0 0
1657858893.4788124561 0 0 0
1657858893.5557000637 0 0 0
1657858893.6326854229 0 0 0
1657858893.7097663879 0 0 0
1657858893.7870538235 0 0 0
1657858893.8525140285 0 0 0
1657858893.9297392368 0 0 0
1657858894.0068628788 0 0 0
1657858894.084017992 0 0 0
1657858894.160923481 0 0 0
1657858894.2378685474 0 0 0
1657858894.3035097122 0 0 0
1657858894.3808860779 0 0 0
1657858894.4581511021 0 0 0
1657858894.5240814686 0 0 0
1657858894.5899653435 0 0 0
1657858894.6555306911 0 0 0
1657858894.7324740887 0 0 0
1657858894.809599638 0 0 0
1657858894.8866157532 0 0 0
1657858894.963439703 0 0 0
1657858895.0299265385 0 0 0
1657858895.106795311 0 0 0
1657858895.1840622425 0 0 0
1657858895.2495362759 0 0 0
1657858895.3264665604 0 0 0
1657858895.4035069942 0 0 0
1657858895.4805412292 0 0 0
1657858895.5574204922 0 0 0
1657858895.6239306927 0 0 0
1657858895.6894669533 0 0 0
1657858895.7664039135 0 0 0
1657858895.8444325924 0 0 0
1657858895.9097566605 0 0 0
1657858895.9871647358 0 0 0
1657858896.0527751446 0 0 0
1657858896.1295435429 0 0 0
1657858896.2066056728 0 0 0
1657858896.283839941 0 0 0
1657858896.3607022762 0 0 0
1657858896.4376986027 0 0 0
1657858896.5150277615 0 0 0
1657858896.5807385445 0 0 0
1657858896.6576547623 0 0 0
1657858896.7347989082 0 0 0
1657858896.8119266033 0 0 0
1657858896.8888280392 0 0 0
1657858896.9658706188 0 0 0
1657858897.0324690342 0 0 0
1657858897.1085615158 0 0 0
1657858897.1856253147 0 0 0
1657858897.2627835274 0 0 0
1657858897.3397722244 0 0 0
1657858897.4168748856 0 0 0
1657858897.4938042164 0 0 0
1657858897.570905447 0 0 0
1657858897.6478581429 0 0 0
1657858897.725019455 0 0 0
1657858897.7914152145 0 0 0
1657858897.8677301407 0 0 0
1657858897.9448268414 0 0 0
1657858898.0217218399 0 0 0
1657858898.0987906456 0 0 0
1657858898.1757302284 0 0 0
1657858898.2525718212 0 0 0
1657858898.3295404911 0 0 0
1657858898.4065189362 0 0 0
1657858898.4834675789 0 0 0
1657858898.561319828 0 0 0
1657858898.6267774105 0 0 0
1657858898.7038562298 0 0 0
1657858898.7806658745 0 0 0
1657858898.8580799103 0 0 0
1657858898.924267292 0 0 0
1657858898.989839077 0 0 0
1657858899.0673108101 0 0 0
1657858899.1328363419 0 0 0
1657858899.2100155354 0 0 0
1657858899.2755408287 0 0 0
1657858899.3525378704 0 0 0
1657858899.4189639091 0 0 0
1657858899.4846439362 0 0 0
1657858899.5616073608 0 0 0
1657858899.6385252476 0 0 0
1657858899.7157714367 0 0 0
1657858899.7926440239 0 0 0
1657858899.8697371483 0 0 0
1657858899.946968317 0 0 0
1657858900.0241522789 0 0 0
1657858900.0895793438 0 0 0
1657858900.1559484005 0 0 0
1657858900.2328124046 0 0 0
1657858900.3101971149 0 0 0
1657858900.3756673336 0 0 0
1657858900.4526109695 0 0 0
1657858900.5298802853 0 0 0
1657858900.6068840027 0 0 0
1657858900.6734831333 0 0 0
1657858900.7496140003 0 0 0
1657858900.8266863823 0 0 0
1657858900.9036102295 0 0 0
1657858900.9806120396 0 0 0
1657858901.0575432777 0 0 0
1657858901.1345088482 0 0 0
1657858901.2009315491 0 0 0
1657858901.2666187286 0 0 0
1657858901.3439016342 0 0 0
1657858901.4209821224 0 0 0
1657858901.4980404377 0 0 0
1657858901.5636143684 0 0 0
1657858901.6408340931 0 0 0
1657858901.7179474831 0 0 0
1657858901.7979617119 0 0 0
1657858901.8719525337 0 0 0
1657858901.94916749 0 0 0
1657858902.0148742199 0 0 0
1657858902.0920360088 0 0 0
1657858902.1690311432 0 0 0
1657858902.2464728355 0 0 0
1657858902.3118596077 0 0 0
1657858902.3887791634 0 0 0
1657858902.4658138752 0 0 0
1657858902.5429823399 0 0 0
1657858902.6094942093 0 0 0
1657858902.6748859882 0 0 0
1657858902.7414588928 0 0 0
1657858902.8069796562 0 0 0
1657858902.8735044003 0 0 0
1657858902.9388868809 0 0 0
1657858903.0159122944 0 0 0
1657858903.0928587914 0 0 0
1657858903.1696941853 0 0 0
1657858903.2466239929 0 0 0
1657858903.323833704 0 0 0
1657858903.400935173 0 0 0
1657858903.4780573845 0 0 0
1657858903.5435974598 0 0 0
1657858903.6222214699 0 0 0
1657858903.6866919994 0 0 0
1657858903.7635531425 0 0 0
1657858903.8405873775 0 0 0
1657858903.9068648815 0 0 0
1657858903.9838278294 0 0 0
1657858904.0608816147 0 0 0
1657858904.1377809048 0 0 0
1657858904.2148492336 0 0 0
1657858904.2929229736 0 0 0
1657858904.3686885834 0 0 0
1657858904.4459693432 0 0 0
1657858904.522639513 0 0 0
1657858904.5995988846 0 0 0
1657858904.6767969131 0 0 0
1657858904.7537999153 0 0 0
1657858904.8313295841 0 0 0
1657858904.8968091011 0 0 0
1657858904.9737687111 0 0 0
1657858905.0506615639 0 0 0
1657858905.1170425415 0 0 0
1657858905.182915926 0 0 0
1657858905.2485816479 0 0 0
1657858905.326444149 0 0 0
1657858905.3919146061 0 0 0
1657858905.4689252377 0 0 0
1657858905.5460879803 0 0 0
1657858905.6116993427 0 0 0
1657858905.6888637543 0 0 0
1657858905.7659471035 0 0 0
1657858905.8428587914 0 0 0
1657858905.9196929932 0 0 0
1657858905.9967465401 0 0 0
1657858906.0739336014 0 0 0
1657858906.1508951187 0 0 0
1657858906.2281210423 0 0 0
1657858906.2936987877 0 0 0
1657858906.3710110188 0 0 0
1657858906.4478912354 0 0 0
1657858906.5248343945 0 0 0
1657858906.6019330025 0 0 0
1657858906.6788022518 0 0 0
1657858906.755856514 0 0 0
1657858906.8327178955 0 0 0
1657858906.9096310139 0 0 0
1657858906.9865624905 0 0 0
1657858907.0530736446 0 0 0
1657858907.1194684505 0 0 0
1657858907.1849880219 0 0 0
1657858907.2619326115 0 0 0
1657858907.3386332989 0 0 0
1657858907.4156219959 0 0 0
1657858907.4928855896 0 0 0
1657858907.5701422691 0 0 0
1657858907.6360452175 0 0 0
1657858907.7015416622 0 0 0
1657858907.7790648937 0 0 0
1657858907.8561651707 0 0 0
1657858907.9217169285 0 0 0
1657858907.9987163544 0 0 0
1657858908.0758006573 0 0 0
1657858908.1528396606 0 0 0
1657858908.2299594879 0 0 0
1657858908.3069558144 0 0 0
1657858908.3726041317 0 0 0
1657858908.4388525486 0 0 0
1657858908.5157783031 0 0 0
1657858908.5927324295 0 0 0
1657858908.6698522568 0 0 0
1657858908.746887207 0 0 0
1657858908.8241214752 0 0 0
1657858908.8896698952 0 0 0
1657858908.9668431282 0 0 0
1657858909.0436756611 0 0 0
1657858909.1208362579 0 0 0
1657858909.1979110241 0 0 0
1657858909.2750344276 0 0 0
1657858909.3517310619 0 0 0
1657858909.4293544292 0 0 0
1657858909.4949021339 0 0 0
1657858909.5720868111 0 0 0
1657858909.6376266479 0 0 0
1657858909.7146446705 0 0 0
1657858909.7985773087 0 0 0
1657858909.8796272278 0 0 0
1657858909.9566426277 0 0 0
1657858910.023178339 0 0 0
1657858910.0895774364 0 0 0
1657858910.1551105976 0 0 0
1657858910.2215371132 0 0 0
1657858910.2978868484 0 0 0
1657858910.3750932217 0 0 0
1657858910.452075243 0 0 0
1657858910.5289020538 0 0 0
1657858910.6058933735 0 0 0
1657858910.6830861568 0 0 0
1657858910.7487194538 0 0 0
1657858910.8260653019 0 0 0
1657858910.9027125835 0 0 0
1657858910.9689633846 0 0 0
1657858911.0458304882 0 0 0
1657858911.1229288578 0 0 0
1657858911.2000381947 0 0 0
1657858911.2771649361 0 0 0
1657858911.3541431427 0 0 0
1657858911.4311082363 0 0 0
1657858911.5082433224 0 0 0
1657858911.5745260715 0 0 0
1657858911.6401000023 0 0 0
1657858911.7057235241 0 0 0
1657858911.7828595638 0 0 0
1657858911.8599712849 0 0 0
1657858911.9369974136 0 0 0
1657858912.0139119625 0 0 0
1657858912.0908851624 0 0 0
1657858912.168009758 0 0 0
1657858912.2450110912 0 0 0
1657858912.3219718933 0 0 0
1657858912.3989465237 0 0 0
1657858912.4760262966 0 0 0
1657858912.5531435013 0 0 0
1657858912.6191952229 0 0 0
1657858912.6846294403 0 0 0
1657858912.7516202927 0 0 0
1657858912.8172824383 0 0 0
1657858912.8828139305 0 0 0
1657858912.9599773884 0 0 0
1657858913.0370502472 0 0 0
1657858913.113724947 0 0 0
1657858913.190778017 0 0 0
1657858913.26810956 0 0 0
1657858913.3450400829 0 0 0
1657858913.4116241932 0 0 0
1657858913.4770307541 0 0 0
1657858913.5539460182 0 0 0
1657858913.6310641766 0 0 0
1657858913.708063364 0 0 0
1657858913.7850699425 0 0 0
1657858913.8622086048 0 0 0
1657858913.9390082359 0 0 0
1657858914.0160508156 0 0 0
1657858914.0929963589 0 0 0
1657858914.170188427 0 0 0
1657858914.235752821 0 0 0
1657858914.3020422459 0 0 0
1657858914.3685567379 0 0 0
1657858914.4340782166 0 0 0
1657858914.5109591484 0 0 0
1657858914.5880994797 0 0 0
1657858914.6652126312 0 0 0
1657858914.7307515144 0 0 0
1657858914.8077919483 0 0 0
1657858914.8850224018 0 0 0
1657858914.9621388912 0 0 0
1657858915.0391330719 0 0 0
1657858915.1045899391 0 0 0
1657858915.1817743778 0 0 0
1657858915.2590537071 0 0 0
1657858915.3360514641 0 0 0
1657858915.401676178 0 0 0
1657858915.4681577682 0 0 0
1657858915.5345554352 0 0 0
1657858915.6001312733 0 0 0
1657858915.6772236824 0 0 0
1657858915.7541418076 0 0 0
1657858915.8310029507 0 0 0
1657858915.8966155052 0 0 0
1657858915.9632294178 0 0 0
1657858916.0287678242 0 0 0
1657858916.105735302 0 0 0
1657858916.1722464561 0 0 0
1657858916.237651825 0 0 0
1657858916.3147926331 0 0 0
1657858916.3810446262 0 0 0
1657858916.4581198692 0 0 0
1657858916.5236468315 0 0 0
1657858916.5901706219 0 0 0
1657858916.6558563709 0 0 0
1657858916.7328026295 0 0 0
1657858916.8097686768 0 0 0
1657858916.886680603 0 0 0
1657858916.95307827 0 0 0
1657858917.0300226212 0 0 0
1657858917.107196331 0 0 0
