1661997229.6026232243 0 0 0
1661997229.6690921783 0 0 0
1661997229.7345819473 0 0 0
1661997229.8119456768 0 0 0
1661997229.8777551651 0 0 0
1661997229.9435164928 0 0 0
1661997230.0213122368 0 0 0
1661997230.0977363586 0 0 0
1661997230.1742901802 0 0 0
1661997230.2518172264 0 0 0
1661997230.3178937435 0 0 0
1661997230.3838825226 0 0 0
1661997230.4497127533 0 0 0
1661997230.5154793262 0 0 0
1661997230.592656374 0 0 0
1661997230.6585819721 0 0 0
1661997230.7360649109 0 0 0
1661997230.8018429279 0 0 0
1661997230.8676309586 0 0 0
1661997230.9335997105 0 0 0
1661997230.9994139671 0 0 0
1661997231.0773205757 0 0 0
1661997231.1430835724 0 0 0
1661997231.2087593079 0 0 0
1661997231.2857685089 0 0 0
1661997231.351577282 0 0 0
1661997231.4290719032 0 0 0
1661997231.4947516918 0 0 0
1661997231.5722017288 0 0 0
1661997231.6379816532 0 0 0
1661997231.7036890984 0 0 0
1661997231.7809529305 0 0 0
1661997231.8467519283 0 0 0
1661997231.9126923084 0 0 0
1661997231.9785442352 0 0 0
1661997232.0562431812 0 0 0
1661997232.1219816208 0 0 0
1661997232.1879467964 0 0 0
1661997232.2540733814 0 0 0
1661997232.3198485374 0 0 0
1661997232.3858122826 0 0 0
1661997232.4521529675 0 0 0
1661997232.5179321766 0 0 0
1661997232.5839276314 0 0 0
1661997232.6497354507 0 0 0
1661997232.7154874802 0 0 0
1661997232.7930049896 0 0 0
1661997232.8588044643 0 0 0
1661997232.924946785 0 0 0
1661997232.9906184673 0 0 0
1661997233.0682106018 0 0 0
1661997233.1338567734 0 0 0
1661997233.1996810436 0 0 0
1661997233.2770769596 0 0 0
1661997233.3429772854 0 0 0
1661997233.4086780548 0 0 0
1661997233.486042738 0 0 0
1661997233.5519669056 0 0 0
1661997233.6175422668 0 0 0
1661997233.6946408749 0 0 0
1661997233.772151947 0 0 0
1661997233.8377988338 0 0 0
1661997233.9149551392 0 0 0
1661997233.9808001518 0 0 0
1661997234.0466880798 0 0 0
1661997234.1241798401 0 0 0
1661997234.190110445 0 0 0
1661997234.2561249733 0 0 0
1661997234.3217482567 0 0 0
1661997234.3994417191 0 0 0
1661997234.476006031 0 0 0
1661997234.5417094231 0 0 0
1661997234.6075880527 0 0 0
1661997234.685087204 0 0 0
1661997234.7506632805 0 0 0
1661997234.8168349266 0 0 0
1661997234.8826169968 0 0 0
1661997234.9598491192 0 0 0
1661997235.0255434513 0 0 0
1661997235.1029427052 0 0 0
1661997235.1692137718 0 0 0
1661997235.2350282669 0 0 0
1661997235.3008806705 0 0 0
1661997235.3666651249 0 0 0
1661997235.4443004131 0 0 0
1661997235.5101103783 0 0 0
1661997235.575671196 0 0 0
1661997235.6533448696 0 0 0
1661997235.7297811508 0 0 0
1661997235.7954828739 0 0 0
1661997235.8729188442 0 0 0
1661997235.9386696815 0 0 0
1661997236.0160706043 0 0 0
1661997236.0816552639 0 0 0
1661997236.159330368 0 0 0
1661997236.2359526157 0 0 0
1661997236.3018631935 0 0 0
1661997236.3675231934 0 0 0
1661997236.4447710514 0 0 0
1661997236.5222189426 0 0 0
1661997236.5880455971 0 0 0
1661997236.6537780762 0 0 0
1661997236.7197241783 0 0 0
1661997236.7969655991 0 0 0
1661997236.863057375 0 0 0
1661997236.928814888 0 0 0
1661997236.9944386482 0 0 0
1661997237.0720863342 0 0 0
1661997237.1381337643 0 0 0
1661997237.2038481236 0 0 0
1661997237.2697374821 0 0 0
1661997237.3354845047 0 0 0
1661997237.4131584167 0 0 0
1661997237.4791743755 0 0 0
1661997237.544986248 0 0 0
1661997237.6106796265 0 0 0
1661997237.67669034 0 0 0
1661997237.7537388802 0 0 0
1661997237.8311944008 0 0 0
1661997237.8969795704 0 0 0
1661997237.9627902508 0 0 0
1661997238.0284981728 0 0 0
1661997238.1059405804 0 0 0
1661997238.1718971729 0 0 0
1661997238.2375040054 0 0 0
1661997238.3148386478 0 0 0
1661997238.3808579445 0 0 0
1661997238.4467902184 0 0 0
1661997238.5127258301 0 0 0
1661997238.5900809765 0 0 0
1661997238.6558177471 0 0 0
1661997238.7332005501 0 0 0
1661997238.8097565174 0 0 0
1661997238.8759148121 0 0 0
1661997238.9414157867 0 0 0
1661997239.0189707279 0 0 0
1661997239.0848846436 0 0 0
1661997239.1506953239 0 0 0
1661997239.2280707359 0 0 0
1661997239.2936718464 0 0 0
1661997239.3710699081 0 0 0
1661997239.4369883537 0 0 0
1661997239.5026352406 0 0 0
1661997239.5800755024 0 0 0
1661997239.6460237503 0 0 0
1661997239.7116467953 0 0 0
1661997239.789151907 0 0 0
1661997239.8547391891 0 0 0
1661997239.9320869446 0 0 0
1661997239.9976205826 0 0 0
1661997240.0749239922 0 0 0
1661997240.1413311958 0 0 0
1661997240.2070124149 0 0 0
1661997240.2728483677 0 0 0
1661997240.3501422405 0 0 0
1661997240.4157197475 0 0 0
1661997240.4820330143 0 0 0
1661997240.5477044582 0 0 0
1661997240.6251630783 0 0 0
1661997240.7018923759 0 0 0
1661997240.7792904377 0 0 0
1661997240.8451399803 0 0 0
1661997240.9109990597 0 0 0
1661997240.9765300751 0 0 0
1661997241.0536222458 0 0 0
1661997241.1304104328 0 0 0
1661997241.2076334953 0 0 0
1661997241.2849297523 0 0 0
1661997241.3506531715 0 0 0
1661997241.4280638695 0 0 0
1661997241.5052504539 0 0 0
1661997241.5819892883 0 0 0
1661997241.6476917267 0 0 0
1661997241.7249238491 0 0 0
1661997241.79088521 0 0 0
1661997241.8566086292 0 0 0
1661997241.9339044094 0 0 0
1661997241.9998061657 0 0 0
1661997242.065964222 0 0 0
1661997242.1317965984 0 0 0
1661997242.209184885 0 0 0
1661997242.2858147621 0 0 0
1661997242.3517837524 0 0 0
1661997242.4175567627 0 0 0
1661997242.4951021671 0 0 0
1661997242.560867548 0 0 0
1661997242.6382873058 0 0 0
1661997242.7040150166 0 0 0
1661997242.7697064877 0 0 0
1661997242.8471779823 0 0 0
1661997242.9239974022 0 0 0
1661997242.9897871017 0 0 0
1661997243.0672302246 0 0 0
1661997243.1328566074 0 0 0
1661997243.1987671852 0 0 0
1661997243.276157856 0 0 0
1661997243.3527846336 0 0 0
1661997243.4302577972 0 0 0
1661997243.4958977699 0 0 0
1661997243.5732614994 0 0 0
1661997243.6388428211 0 0 0
1661997243.7157158852 0 0 0
1661997243.7930567265 0 0 0
1661997243.8587799072 0 0 0
1661997243.9359927177 0 0 0
1661997244.0016901493 0 0 0
1661997244.0792820454 0 0 0
1661997244.1449398994 0 0 0
1661997244.2108304501 0 0 0
1661997244.2768216133 0 0 0
1661997244.3540620804 0 0 0
1661997244.4198558331 0 0 0
1661997244.4855229855 0 0 0
1661997244.5629584789 0 0 0
1661997244.6288883686 0 0 0
1661997244.7057645321 0 0 0
1661997244.7825217247 0 0 0
1661997244.8604505062 0 0 0
1661997244.9369182587 0 0 0
1661997245.0027043819 0 0 0
1661997245.0804033279 0 0 0
1661997245.1567602158 0 0 0
1661997245.2341530323 0 0 0
1661997245.2998757362 0 0 0
1661997245.3657257557 0 0 0
1661997245.4428868294 0 0 0
1661997245.5202493668 0 0 0
1661997245.5862619877 0 0 0
1661997245.6631915569 0 0 0
1661997245.7396719456 0 0 0
1661997245.8170309067 0 0 0
1661997245.8827180862 0 0 0
1661997245.9601006508 0 0 0
1661997246.025885582 0 0 0
1661997246.0915489197 0 0 0
1661997246.1689484119 0 0 0
1661997246.2346215248 0 0 0
1661997246.3121020794 0 0 0
1661997246.3778095245 0 0 0
1661997246.455378294 0 0 0
1661997246.5211822987 0 0 0
1661997246.5871546268 0 0 0
1661997246.652964592 0 0 0
1661997246.7189643383 0 0 0
1661997246.7849185467 0 0 0
1661997246.8624024391 0 0 0
1661997246.9281036854 0 0 0
1661997246.9936645031 0 0 0
1661997247.0708339214 0 0 0
1661997247.1366550922 0 0 0
1661997247.2140963078 0 0 0
1661997247.2797381878 0 0 0
1661997247.3570930958 0 0 0
1661997247.4228618145 0 0 0
1661997247.4888055325 0 0 0
1661997247.5663363934 0 0 0
1661997247.6318788528 0 0 0
1661997247.7092752457 0 0 0
1661997247.7750322819 0 0 0
1661997247.8406960964 0 0 0
1661997247.9179701805 0 0 0
1661997247.9838862419 0 0 0
1661997248.0612630844 0 0 0
1661997248.1268389225 0 0 0
1661997248.2042791843 0 0 0
1661997248.2700014114 0 0 0
1661997248.3356711864 0 0 0
1661997248.4134588242 0 0 0
1661997248.4793190956 0 0 0
1661997248.5445652008 0 0 0
1661997248.621723175 0 0 0
1661997248.6989250183 0 0 0
1661997248.7647919655 0 0 0
1661997248.8421030045 0 0 0
1661997248.9080395699 0 0 0
1661997248.9739909172 0 0 0
1661997249.0397894382 0 0 0
1661997249.1170003414 0 0 0
1661997249.1829624176 0 0 0
1661997249.2487449646 0 0 0
1661997249.3262045383 0 0 0
1661997249.3917300701 0 0 0
1661997249.4690742493 0.02999999999999999889 0 0
1661997249.5347592831 0.040000000000000000833 0 0
1661997249.6119594574 0.050000000000000002776 0 0
1661997249.6776556969 0.05999999999999999778 0 0
1661997249.7550222874 0.070000000000000006661 0 0
1661997249.8207876682 0.070000000000000006661 0 0
1661997249.8982541561 0.10000000000000000555 0 0
1661997249.9639873505 0.11999999999999999556 0 0
1661997250.0296442509 0.13000000000000000444 0 0
1661997250.1067886353 0.13000000000000000444 0 0
1661997250.1842374802 0.17000000000000001221 0 0
1661997250.2498893738 0.28000000000000002665 0 0
1661997250.3269956112 0.33000000000000001554 0 0
1661997250.392952919 0.34000000000000002442 0 0
1661997250.4590406418 0.3499999999999999778 0 0
1661997250.5247488022 0.35499999999999998224 0 0
1661997250.6021485329 0.35499999999999998224 0 0
1661997250.6680767536 0.35499999999999998224 0 0
1661997250.7336914539 0.35499999999999998224 0 0
1661997250.8112266064 0.36999999999999999556 0 0
1661997250.8772451878 0.36999999999999999556 0 0
1661997250.9429063797 0.36999999999999999556 0 0
1661997251.0202167034 0.4000000000000000222 0 0
1661997251.0860023499 0.4000000000000000222 0 0
1661997251.1516771317 0.4000000000000000222 0 0
1661997251.2290742397 0.39000000000000001332 0 0
1661997251.3059911728 0.38999999999999995781 0 0
1661997251.3718235493 0.39500000000000001776 0 0
1661997251.4492797852 0.39500000000000001776 0 0
1661997251.5146746635 0.39500000000000001776 0 0
1661997251.5918383598 0.39500000000000001776 0 0
1661997251.669229269 0.39500000000000001776 0 0
1661997251.7348423004 0.38999999999999995781 0 0
1661997251.8116166592 0.39500000000000001776 0 0
1661997251.8890008926 0.39500000000000001776 0 0
1661997251.954662323 0.39499999999999996225 0 0
1661997252.0321080685 0.4000000000000000222 0 0
1661997252.0980472565 0.39500000000000001776 0 0
1661997252.175262928 0.38500000000000000888 0 0
1661997252.2409880161 0.39500000000000007327 0 0
1661997252.3182830811 0.39500000000000001776 0 0
1661997252.3841729164 0.39500000000000001776 0 0
1661997252.4497237206 0.39500000000000001776 0 0
1661997252.5269577503 0.39500000000000001776 0 0
1661997252.5929441452 0.4000000000000000222 0 0
1661997252.6589403152 0.39000000000000001332 0 0
1661997252.7248878479 0.39500000000000001776 0 0
1661997252.8018395901 0.39500000000000001776 0 0
1661997252.8676712513 0.39500000000000001776 0 0
1661997252.9450616837 0.38999999999999995781 0 0
1661997253.0108244419 0.38999999999999995781 0 0
1661997253.0767276287 0.39500000000000001776 0 0
1661997253.1539731026 0.39500000000000001776 0 0
1661997253.2195160389 0.39500000000000001776 0 0
1661997253.2967193127 0.39500000000000001776 0 0
1661997253.3741190434 0.39500000000000001776 0 0
1661997253.4398274422 0.39500000000000001776 0 0
1661997253.5057685375 0.4000000000000000222 0 0
1661997253.5825090408 0.39000000000000001332 0 0
1661997253.6488060951 0.39500000000000001776 0 0
1661997253.7264175415 0.39500000000000001776 0 0
1661997253.7922587395 0.39500000000000001776 0 0
1661997253.8577609062 0.39500000000000001776 0 0
1661997253.9348487854 0.39500000000000001776 0 0
1661997254.0122554302 0.36999999999999994005 0 0
1661997254.0780696869 0.36499999999999999112 0 0
1661997254.1437673569 0.37499999999999988898 0 0
1661997254.221026659 0.4000000000000000222 0 0
1661997254.2868509293 0.39499999999999990674 0 0
1661997254.3644578457 0.39500000000000001776 0 0
1661997254.4305193424 0.4000000000000000222 0 0
1661997254.506935358 0.39500000000000001776 0 0
1661997254.5727543831 0.39500000000000001776 0 0
1661997254.6502718925 0.39500000000000001776 0 0
1661997254.7160995007 0.39500000000000001776 0 0
1661997254.781847477 0.39500000000000001776 0 0
1661997254.8476684093 0.39500000000000001776 0 0
1661997254.9247298241 0.39500000000000001776 0 0
1661997255.0020186901 0.39500000000000001776 0 0
1661997255.0677843094 0.39500000000000001776 0 0
1661997255.1450932026 0.4000000000000000222 0 0
1661997255.2107477188 0.4000000000000000222 0 0
1661997255.2774605751 0.39500000000000001776 0 0
1661997255.3430759907 0.39500000000000001776 0 0
1661997255.4087576866 0.4000000000000000222 0 0
1661997255.4746232033 0.4000000000000000222 0 0
1661997255.5523955822 0.4000000000000000222 0 0
1661997255.6287536621 0.4000000000000000222 0 0
1661997255.7063419819 0.4000000000000000222 0 0
1661997255.7827346325 0.4000000000000000222 0 0
1661997255.8603448868 0.4000000000000000222 0 0
1661997255.9257495403 0.4000000000000000222 0 0
1661997256.0030376911 0.4000000000000000222 0 0
1661997256.0688924789 0.4000000000000000222 0 0
1661997256.1347000599 0.4000000000000000222 0 0
1661997256.2121965885 0.4000000000000000222 0 0
1661997256.278042078 0.4000000000000000222 0 0
1661997256.3438436985 0.4000000000000000222 0 0
1661997256.4209492207 0.4000000000000000222 0 0
1661997256.4866859913 0.4000000000000000222 0 0
1661997256.5640523434 0.4000000000000000222 0 0
1661997256.6413459778 0.4000000000000000222 0 0
1661997256.7071568966 0.4000000000000000222 0 0
1661997256.7726063728 0.4000000000000000222 0 0
1661997256.8502664566 0.4000000000000000222 0 0
1661997256.9156658649 0.4000000000000000222 0 0
1661997256.982473135 0.4000000000000000222 0 0
1661997257.0482580662 0.4000000000000000222 0 0
1661997257.1251220703 0.4000000000000000222 0 0
1661997257.1909048557 0.4000000000000000222 0 0
1661997257.2682754993 0.4000000000000000222 0 0
1661997257.3343484402 0.4000000000000000222 0 0
1661997257.4109754562 0.4000000000000000222 0 0
1661997257.4766888618 0.4000000000000000222 0 0
1661997257.5428261757 0.4000000000000000222 0 0
1661997257.6087591648 0.4000000000000000222 0 0
1661997257.6748650074 0.4000000000000000222 0 0
1661997257.7408280373 0.4000000000000000222 0 0
1661997257.8183009624 0.4000000000000000222 0 0
1661997257.8842771053 0.4000000000000000222 0 0
1661997257.9497842789 0.4000000000000000222 0 0
1661997258.0271267891 0.4000000000000000222 0 0
1661997258.1039366722 0.4000000000000000222 0 0
1661997258.1810638905 0.4000000000000000222 0 0
1661997258.2468824387 0.39499999999999996225 0 0
1661997258.3243131638 0.39500000000000001776 0 0
1661997258.3900272846 0.39500000000000001776 0 0
1661997258.4562473297 0.39500000000000001776 0 0
1661997258.5221731663 0.38999999999999995781 0 0
1661997258.5878682137 0.39500000000000001776 0 0
1661997258.6538558006 0.39500000000000001776 0 0
1661997258.7196784019 0.39500000000000001776 0 0
1661997258.797393322 0.39500000000000001776 0 0
1661997258.8628573418 0.39500000000000001776 0 0
1661997258.9396688938 0.39500000000000001776 0 0
1661997259.0165836811 0.39500000000000001776 0 0
1661997259.0939671993 0.39500000000000001776 0 0
1661997259.1597900391 0.39500000000000001776 0 0
1661997259.2261042595 0.39500000000000001776 0 0
1661997259.2920219898 0.39500000000000001776 0 0
1661997259.358032465 0.39500000000000001776 0 0
1661997259.4241123199 0.39500000000000001776 0 0
1661997259.489948988 0.39500000000000001776 0 0
1661997259.5556600094 0.39500000000000001776 0 0
1661997259.6331751347 0.39500000000000001776 0 0
1661997259.6990859509 0.39499999999999996225 0 0
1661997259.7784655094 0.4000000000000000222 0 0
1661997259.8526229858 0.4000000000000000222 0 0
1661997259.9192357063 0.4000000000000000222 0 0
1661997259.9959995747 0.4000000000000000222 0 0
1661997260.0618066788 0.4000000000000000222 0 0
1661997260.1392540932 0.4000000000000000222 0 0
1661997260.2049543858 0.39500000000000001776 0 0
1661997260.2706279755 0.39500000000000001776 0 0
1661997260.3481607437 0.39500000000000001776 0 0
1661997260.4137871265 0.39500000000000001776 0 0
1661997260.4905633926 0.39500000000000001776 0 0
1661997260.5681586266 0.39500000000000001776 0 0
1661997260.6337161064 0.39500000000000001776 0 0
1661997260.7111399174 0.39500000000000001776 0 0
1661997260.7768938541 0.39500000000000001776 0 0
1661997260.8543875217 0.39500000000000001776 0 0
1661997260.9310898781 0.39500000000000001776 0 0
1661997260.9969339371 0.39500000000000001776 0 0
1661997261.0626685619 0.39500000000000001776 0 0
1661997261.1398322582 0.39500000000000001776 0 0
1661997261.2171230316 0.39500000000000001776 0 0
1661997261.2830572128 0.39500000000000001776 0 0
1661997261.3494169712 0.39500000000000001776 0 0
1661997261.4259238243 0.38999999999999995781 0 0
1661997261.5035059452 0.38999999999999995781 0 0
1661997261.5798461437 0.38999999999999995781 0 0
1661997261.657327652 0.39500000000000001776 0 0
1661997261.7342941761 0.39500000000000001776 0 0
1661997261.799962759 0.39500000000000001776 0 0
1661997261.8662366867 0.39000000000000001332 0 0
1661997261.931974411 0.38999999999999995781 0 0
1661997262.0092270374 0.38999999999999995781 0 0
1661997262.085899353 0.39500000000000001776 0 0
1661997262.1625683308 0.4000000000000000222 0 0
1661997262.2403063774 0.4000000000000000222 0 0
1661997262.317363739 0.4000000000000000222 0 0
1661997262.3832712173 0.4000000000000000222 0 0
1661997262.4491083622 0.4000000000000000222 0 0
1661997262.5149250031 0.39500000000000001776 0 0
1661997262.592154026 0.39500000000000001776 0 0
1661997262.6587061882 0.39500000000000001776 0 0
1661997262.735004425 0.39500000000000001776 0 0
1661997262.8123869896 0.39499999999999996225 0 0
1661997262.8885629177 0.39500000000000001776 0 0
1661997262.9661016464 0.39500000000000001776 0 0
1661997263.0320343971 0.39500000000000001776 0 0
1661997263.0979599953 0.39500000000000001776 0 0
1661997263.1637637615 0.39500000000000001776 0 0
1661997263.2412323952 0.39500000000000001776 0 0
1661997263.307033062 0.39500000000000001776 0 0
1661997263.3730237484 0.39500000000000001776 0 0
1661997263.4388930798 0.39500000000000001776 0 0
1661997263.5049517155 0.39500000000000001776 0 0
1661997263.5708639622 0.39500000000000001776 0 0
1661997263.6476538181 0.39500000000000001776 0 0
1661997263.7253780365 0.39500000000000001776 0 0
1661997263.8017184734 0.39500000000000001776 0 0
1661997263.8791406155 0.39500000000000001776 0 0
1661997263.9445018768 0.39500000000000001776 0 0
1661997264.0218646526 0.39500000000000001776 0 0
1661997264.0995111465 0.39500000000000001776 0 0
1661997264.1645419598 0.39500000000000001776 0 0
1661997264.2312448025 0.39500000000000001776 0 0
1661997264.2972319126 0.39500000000000001776 0 0
1661997264.3634257317 0.39500000000000001776 0 0
1661997264.4292514324 0.4000000000000000222 0 0
1661997264.4953505993 0.4000000000000000222 0 0
1661997264.5610795021 0.4000000000000000222 0 0
1661997264.6268661022 0.4000000000000000222 0 0
1661997264.7147095203 0.39500000000000001776 0 0
1661997264.7917027473 0.39500000000000001776 0 0
1661997264.8687090874 0.39499999999999996225 0 0
1661997264.9349324703 0.39500000000000001776 0 0
1661997265.0115380287 0.39499999999999996225 0 0
1661997265.0892133713 0.39500000000000001776 0 0
1661997265.1547379494 0.39500000000000001776 0 0
1661997265.2205717564 0.39500000000000001776 0 0
1661997265.2975111008 0.38999999999999995781 0 0
1661997265.3642451763 0.39000000000000001332 0 0
1661997265.4299602509 0.39500000000000001776 0 0
1661997265.5072753429 0.39500000000000001776 0 0
1661997265.5730793476 0.39500000000000001776 0 0
1661997265.638733387 0.39000000000000001332 0 0
1661997265.7161648273 0.39500000000000001776 0 0
1661997265.7820985317 0.39500000000000001776 0 0
1661997265.8479137421 0.39500000000000001776 0 0
1661997265.924823761 0.4000000000000000222 0 0
1661997266.0021147728 0.39500000000000001776 0 0
1661997266.0678145885 0.4000000000000000222 0 0
1661997266.1451339722 0.4000000000000000222 0 0
1661997266.2107934952 0.39499999999999996225 0 0
1661997266.2885046005 0.39500000000000001776 0 0
1661997266.3649423122 0.39500000000000001776 0 0
1661997266.4308028221 0.39500000000000001776 0 0
1661997266.5080177784 0.39000000000000001332 0 0
1661997266.5740399361 0.39000000000000001332 0 0
1661997266.6397118568 0.38999999999999995781 0 0
1661997266.7059197426 0.38999999999999995781 0 0
1661997266.7830135822 0.39500000000000001776 0 0
1661997266.8598754406 0.39500000000000001776 0 0
1661997266.92634058 0.39500000000000001776 0 0
1661997266.9916651249 0.39500000000000001776 0 0
1661997267.0688762665 0.38999999999999995781 0 0
1661997267.1348667145 0.39500000000000001776 0 0
1661997267.2122721672 0.38999999999999995781 0 0
1661997267.2779166698 0.38999999999999995781 0 0
1661997267.3436470032 0.38999999999999995781 0 0
1661997267.4206311703 0.39500000000000001776 0 0
1661997267.4979760647 0.39499999999999996225 0 0
1661997267.5644948483 0.4000000000000000222 0 0
1661997267.6408843994 0.4000000000000000222 0 0
1661997267.7183995247 0.4000000000000000222 0 0
1661997267.783614397 0.4000000000000000222 0 0
1661997267.8610510826 0.4000000000000000222 0 0
1661997267.9267466068 0.4000000000000000222 0 0
1661997268.0040767193 0.4000000000000000222 0 0
1661997268.0698339939 0.39500000000000001776 0 0
1661997268.1358351707 0.39500000000000001776 0 0
1661997268.2133123875 0.39500000000000001776 0 0
1661997268.2791295052 0.39500000000000001776 0 0
1661997268.3448531628 0.39500000000000001776 0 0
1661997268.4106683731 0.39500000000000001776 0 0
1661997268.4883337021 0.39500000000000001776 0 0
1661997268.5540878773 0.39500000000000001776 0 0
1661997268.6200587749 0.39500000000000001776 0 0
1661997268.6859593391 0.39500000000000001776 0 0
1661997268.7631893158 0.39500000000000001776 0 0
1661997268.8289954662 0.39500000000000001776 0 0
1661997268.8946490288 0.39500000000000001776 0 0
1661997268.9721040726 0.39500000000000001776 0 0
1661997269.0378963947 0.39500000000000001776 0 0
1661997269.1036999226 0.39500000000000001776 0 0
1661997269.180980444 0.39500000000000001776 0 0
1661997269.2580704689 0.39500000000000001776 0 0
1661997269.3241596222 0.39499999999999996225 0 0
1661997269.4012219906 0.4000000000000000222 0 0
1661997269.4675030708 0.4000000000000000222 0 0
1661997269.5437648296 0.4000000000000000222 0 0
1661997269.6210458279 0.4000000000000000222 0 0
1661997269.6866493225 0.4000000000000000222 0 0
1661997269.7639148235 0.4000000000000000222 0 0
1661997269.8413958549 0.39500000000000001776 0 0
1661997269.9176375866 0.39500000000000001776 0 0
1661997269.9952275753 0.39500000000000001776 0 0
1661997270.0612220764 0.39500000000000001776 0 0
1661997270.1270039082 0.39500000000000001776 0 0
1661997270.1926677227 0.39500000000000001776 0 0
1661997270.2699863911 0.39500000000000001776 0 0
1661997270.3359730244 0.4000000000000000222 0 0
1661997270.4019486904 0.39500000000000001776 0 0
1661997270.4676163197 0.39500000000000001776 0 0
1661997270.5449635983 0.39500000000000001776 0 0
1661997270.6106104851 0.39500000000000001776 0 0
1661997270.6883518696 0.39500000000000001776 0 0
1661997270.75390625 0.39500000000000001776 0 0
1661997270.8199255466 0.39500000000000001776 0 0
1661997270.8857233524 0.39499999999999996225 0 0
1661997270.9627754688 0.4000000000000000222 0 0
1661997271.028758049 0.4000000000000000222 0 0
1661997271.1060762405 0.4000000000000000222 0 0
1661997271.1717965603 0.4000000000000000222 0 0
1661997271.2493331432 0.4000000000000000222 0 0
1661997271.3151426315 0.4000000000000000222 0 0
1661997271.380972147 0.4000000000000000222 0 0
1661997271.446770668 0.4000000000000000222 0 0
1661997271.5127668381 0.4000000000000000222 0 0
1661997271.5898764133 0.4000000000000000222 0 0
1661997271.6667582989 0.4000000000000000222 0 0
1661997271.7330212593 0.4000000000000000222 0 0
1661997271.8101422787 0.4000000000000000222 0 0
1661997271.8866329193 0.4000000000000000222 0 0
1661997271.9640038013 0.4000000000000000222 0 0
1661997272.0297625065 0.4000000000000000222 0 0
1661997272.1070520878 0.4000000000000000222 0 0
1661997272.1730639935 0.4000000000000000222 0 0
1661997272.2388122082 0.4000000000000000222 0 0
1661997272.3160760403 0.4000000000000000222 0 0
1661997272.3816113472 0.4000000000000000222 0 0
1661997272.4591913223 0.4000000000000000222 0 0
1661997272.5248062611 0.4000000000000000222 0 0
1661997272.5914092064 0.4000000000000000222 0 0
1661997272.6570210457 0.4000000000000000222 0 0
1661997272.7226133347 0.4000000000000000222 0 0
1661997272.80032897 0.4000000000000000222 0 0
1661997272.8664143085 0.4000000000000000222 0 0
1661997272.9315855503 0.4000000000000000222 0 0
1661997273.0085980892 0.4000000000000000222 0 0
1661997273.0861485004 0.4000000000000000222 0 0
1661997273.1629109383 0.4000000000000000222 0 0
1661997273.2286903858 0.4000000000000000222 0 0
1661997273.3059146404 0.4000000000000000222 0 0
1661997273.3831984997 0.4000000000000000222 0 0
1661997273.4489679337 0.4000000000000000222 0 0
1661997273.5149891376 0.4000000000000000222 0 0
1661997273.5810210705 0.4000000000000000222 0 0
1661997273.6468265057 0.4000000000000000222 0 0
1661997273.7242250443 0.4000000000000000222 0 0
1661997273.7898581028 0.4000000000000000222 0 0
1661997273.868751049 0.4000000000000000222 0 0
1661997273.9551615715 0.4000000000000000222 0 0
1661997274.0208554268 0.4000000000000000222 0 0
1661997274.0983424187 0.4000000000000000222 0 0
1661997274.1641068459 0.4000000000000000222 0 0
1661997274.2301506996 0.4000000000000000222 0 0
1661997274.2961366177 0.4000000000000000222 0 0
1661997274.361743927 0.4000000000000000222 0 0
1661997274.4391117096 0.4000000000000000222 0 0
1661997274.5052130222 0.4000000000000000222 0 0
1661997274.571048975 0.4000000000000000222 0 0
1661997274.6368165016 0.4000000000000000222 0 0
1661997274.714243412 0.4000000000000000222 0 0
1661997274.7800960541 0.4000000000000000222 0 0
1661997274.8457067013 0.4000000000000000222 0 0
1661997274.9231045246 0.4000000000000000222 0 0
1661997275.0002458096 0.4000000000000000222 0 0
1661997275.065956831 0.4000000000000000222 0 0
1661997275.1316978931 0.4000000000000000222 0 0
1661997275.2091882229 0.4000000000000000222 0 0
1661997275.2749018669 0.4000000000000000222 0 0
1661997275.3519780636 0.4000000000000000222 0 0
1661997275.4176192284 0.4000000000000000222 0 0
1661997275.4949634075 0.4000000000000000222 0 0
1661997275.5606412888 0.4000000000000000222 0 0
1661997275.6379737854 0.4000000000000000222 0 0
1661997275.7153129578 0.4000000000000000222 0 0
1661997275.7918190956 0.4000000000000000222 0 0
1661997275.8693249226 0.4000000000000000222 0 0
1661997275.9350852966 0.4000000000000000222 0 0
1661997276.000980854 0.4000000000000000222 0 0
1661997276.0665094852 0.4000000000000000222 0 0
1661997276.1437923908 0.4000000000000000222 0 0
1661997276.2211101055 0.4000000000000000222 0 0
1661997276.2866802216 0.4000000000000000222 0 0
1661997276.3641564846 0.4000000000000000222 0 0
1661997276.4301478863 0.4000000000000000222 0 0
1661997276.4954969883 0.4000000000000000222 0 0
1661997276.5727524757 0.4000000000000000222 0 0
1661997276.6499974728 0.4000000000000000222 0 0
1661997276.7158429623 0.4000000000000000222 0 0
1661997276.7928371429 0.4000000000000000222 0 0
1661997276.8586158752 0.4000000000000000222 0 0
1661997276.925110817 0.4000000000000000222 0 0
1661997276.9907622337 0.4000000000000000222 0 0
1661997277.0682601929 0.4000000000000000222 0 0
1661997277.1338868141 0.4000000000000000222 0 0
1661997277.1996552944 0.4000000000000000222 0 0
1661997277.2768363953 0.4000000000000000222 0 0
1661997277.3542521 0.4000000000000000222 0 0
1661997277.420062542 0.4000000000000000222 0 0
1661997277.4857773781 0.4000000000000000222 0 0
1661997277.5630304813 0.4000000000000000222 0 0
1661997277.6403164864 0.4000000000000000222 0 0
1661997277.7061479092 0.4000000000000000222 0 0
1661997277.7719011307 0.4000000000000000222 0 0
1661997277.8376982212 0.4000000000000000222 0 0
1661997277.915191412 0.4000000000000000222 0 0
1661997277.9811329842 0.39500000000000001776 0 0
1661997278.0469367504 0.39500000000000001776 0 0
1661997278.1241543293 0.4000000000000000222 0 0
1661997278.1898219585 0.4000000000000000222 0 0
1661997278.2670414448 0.4000000000000000222 0 0
1661997278.3330080509 0.4000000000000000222 0 0
1661997278.3993935585 0.4000000000000000222 0 0
1661997278.4651653767 0.4000000000000000222 0 0
1661997278.530847311 0.4000000000000000222 0 0
1661997278.6081101894 0.4000000000000000222 0 0
1661997278.685115099 0.4000000000000000222 0 0
1661997278.7508687973 0.4000000000000000222 0 0
1661997278.8281474113 0.4000000000000000222 0 0
1661997278.8938119411 0.4000000000000000222 0 0
1661997278.9598619938 0.4000000000000000222 0 0
1661997279.0371305943 0.4000000000000000222 0 0
1661997279.1028120518 0.4000000000000000222 0 0
1661997279.1797308922 0.4000000000000000222 0 0
1661997279.2568778992 0.4000000000000000222 0 0
1661997279.3335402012 0.4000000000000000222 0 0
1661997279.410918951 0.4000000000000000222 0 0
1661997279.4768774509 0.4000000000000000222 0 0
1661997279.5428195 0.4000000000000000222 0 0
1661997279.6090881824 0.4000000000000000222 0 0
1661997279.6747093201 0.4000000000000000222 0 0
1661997279.7522554398 0.4000000000000000222 0 0
1661997279.8182270527 0.4000000000000000222 0 0
1661997279.8841786385 0.4000000000000000222 0 0
1661997279.9502809048 0.4000000000000000222 0 0
1661997280.0160324574 0.4000000000000000222 0 0
1661997280.0819444656 0.4000000000000000222 0 0
1661997280.1476311684 0.4000000000000000222 0 0
1661997280.2251319885 0.4000000000000000222 0 0
1661997280.2908229828 0.4000000000000000222 0 0
1661997280.3683342934 0.4000000000000000222 0 0
1661997280.4341361523 0.4000000000000000222 0 0
1661997280.5001542568 0.4000000000000000222 0 0
1661997280.5661423206 0.4000000000000000222 0 0
1661997280.6325190067 0.4000000000000000222 0 0
1661997280.7089352608 0.4000000000000000222 0 0
1661997280.7860620022 0.4000000000000000222 0 0
1661997280.851852417 0.4000000000000000222 0 0
1661997280.9178612232 0.4000000000000000222 0 0
1661997280.9954490662 0.4000000000000000222 0 0
1661997281.0719821453 0.4000000000000000222 0 0
1661997281.1377427578 0.4000000000000000222 0 0
1661997281.2151734829 0.4000000000000000222 0 0
1661997281.2809016705 0.4000000000000000222 0 0
1661997281.3470525742 0.4000000000000000222 0 0
1661997281.4125890732 0.4000000000000000222 0 0
1661997281.4900932312 0.39500000000000001776 0 0
1661997281.5558106899 0.39000000000000001332 0 0
1661997281.6216979027 0.36499999999999999112 0 0
1661997281.698720932 0.39500000000000001776 0 0
1661997281.7648715973 0.39500000000000001776 0 0
1661997281.8423511982 0.39500000000000001776 0 0
1661997281.9079761505 0.39500000000000001776 0 0
1661997281.9738574028 0.39500000000000001776 0 0
1661997282.0396766663 0.39500000000000001776 0 0
1661997282.1169285774 0.4000000000000000222 0 0
1661997282.1828567982 0.4000000000000000222 0 0
1661997282.260279417 0.39500000000000001776 0 0
1661997282.3259909153 0.39499999999999996225 0 0
1661997282.3917958736 0.39000000000000001332 0 0
1661997282.4691684246 0.39500000000000001776 0 0
1661997282.535046339 0.39500000000000001776 0 0
1661997282.6006996632 0.39500000000000001776 0 0
1661997282.6779024601 0.39500000000000001776 0 0
1661997282.755200386 0.39000000000000001332 0 0
1661997282.8208327293 0.39500000000000001776 0 0
1661997282.8866102695 0.39500000000000001776 0 0
1661997282.9639358521 0.39000000000000001332 0 0
1661997283.0295512676 0.39000000000000001332 0 0
1661997283.106846571 0.39000000000000001332 0 0
1661997283.1841692924 0.39000000000000001332 0 0
1661997283.2499444485 0.39500000000000001776 0 0
1661997283.3272807598 0.39500000000000001776 0 0
