1661114840.7425346375 0 0 0
1661114840.8081746101 0 0 0
1661114840.8854217529 0 0 0
1661114840.9509804249 0 0 0
1661114841.0283017159 0 0 0
1661114841.1056060791 0 0 0
1661114841.1714532375 0 0 0
1661114841.2371377945 0 0 0
1661114841.3144471645 0 0 0
1661114841.3802521229 0 0 0
1661114841.4460704327 0.19000000000000000222 0 0
1661114841.5231335163 0.39000000000000001332 0 0
1661114841.6005041599 0.61999999999999999556 0 0
1661114841.6658821106 0.85000000000000008882 0 0
1661114841.7432901859 0.78499999999999992006 0 0
1661114841.8203742504 0.78499999999999992006 0 0
1661114841.8861458302 0.81499999999999994671 0 0
1661114841.9636449814 0.98999999999999999112 0 0
1661114842.0294594765 1 0 0
1661114842.0952076912 1 0 0
1661114842.1725680828 1 0 0
1661114842.2386918068 0.98499999999999998668 0 0
1661114842.3045117855 0.84499999999999997335 0 0
1661114842.3705871105 0.84499999999999997335 0 0
1661114842.4362347126 0.8499999999999999778 0 0
1661114842.5136053562 0.92500000000000004441 0 0
1661114842.5793383121 1 0 0
1661114842.6449143887 1 0 0
1661114842.7221500874 0.91500000000000003553 0 0
1661114842.7995853424 0.90999999999999992006 0 0
1661114842.8653891087 1 0 0
1661114842.9311752319 1 0 0
1661114843.0083241463 1 0 0
1661114843.0743985176 0.89000000000000001332 0 0
1661114843.1402924061 0.89000000000000001332 0 0
1661114843.217386961 0.89000000000000001332 0 0
1661114843.2830097675 0.89000000000000001332 0 0
1661114843.3602495193 0.9000000000000000222 0 0
1661114843.4263725281 0.9000000000000000222 0 0
1661114843.5036859512 0.9000000000000000222 0 0
1661114843.5692937374 0.95500000000000007105 0 0
1661114843.6351547241 1 0 0
1661114843.7124831676 0.93999999999999994671 0 0
1661114843.7782857418 0.76000000000000000888 0 0
1661114843.8553256989 0.66000000000000003109 0 0
1661114843.9212093353 0.7249999999999999778 0 0
1661114843.998550415 0.85999999999999987566 0 0
1661114844.0642437935 0.95500000000000007105 0 0
1661114844.1417412758 0.95999999999999996447 0 0
1661114844.2073869705 1 0 0
1661114844.2729272842 1 0 0
1661114844.3503038883 1 0 0
1661114844.4168522358 0.89500000000000001776 0 0
1661114844.4825642109 0.78000000000000002665 0 0
1661114844.5483958721 0.68500000000000005329 0 0
1661114844.6142199039 0.67000000000000003997 0 0
1661114844.6915466785 0.67500000000000004441 0 0
1661114844.7570495605 0.74499999999999999556 0 0
1661114844.8346369267 0.81000000000000005329 0 0
1661114844.90041852 1 0 0
1661114844.9662086964 0.84499999999999997335 0 0
1661114845.0436763763 0.71499999999999996891 0 0
1661114845.1094148159 0.60499999999999998224 0 0
1661114845.186675787 0.56499999999999994671 0 0
1661114845.26359725 0.57000000000000006217 0 0
1661114845.3292853832 0.66000000000000003109 0 0
1661114845.406829834 0.77000000000000001776 0 0
1661114845.4832615852 0.95500000000000007105 0 0
1661114845.5605282784 0.82499999999999995559 0 0
1661114845.6264309883 0.68500000000000005329 0 0
1661114845.6923592091 0.61999999999999999556 0 0
1661114845.7698760033 0.61999999999999999556 0 0
1661114845.8354406357 0.61999999999999999556 0 0
1661114845.912633419 0.61999999999999999556 0 0
1661114845.9785251617 0.63000000000000000444 0 0
1661114846.0441811085 0.7249999999999999778 0 0
1661114846.1214444637 0.8499999999999999778 0 0
1661114846.1987433434 0.91999999999999992895 0 0
1661114846.2643816471 0.75 0 0
1661114846.3301417828 0.64000000000000001332 0 0
1661114846.4074859619 0.60499999999999998224 0 0
1661114846.473856926 0.71499999999999996891 0 0
1661114846.53956604 0.84000000000000007994 0 0
1661114846.6054887772 0.96999999999999997335 0 0
1661114846.6714890003 0.80000000000000004441 0 0
1661114846.7371468544 0.64000000000000001332 0 0
1661114846.8146672249 0.47999999999999998224 0 0
1661114846.8805634975 0.34499999999999997335 0 0
1661114846.9463253021 0.29000000000000003553 0 0
1661114847.0230429173 0.43499999999999999778 0 0
1661114847.1003298759 0.6500000000000000222 0 0
1661114847.1777703762 0.875 0 0
1661114847.2436509132 0.91500000000000003553 0 0
1661114847.3094239235 1 0 0
1661114847.3866961002 0.82499999999999995559 0 0
1661114847.452495575 0.68500000000000005329 0 0
1661114847.5183253288 0.59499999999999997335 0 0
1661114847.5847268105 0.57000000000000006217 0 0
1661114847.6506478786 0.57000000000000006217 0 0
1661114847.7165651321 0.57000000000000006217 0 0
1661114847.782282114 0.57000000000000006217 0 0
1661114847.8594670296 0.6500000000000000222 0 0
1661114847.9254739285 0.7750000000000000222 0 0
1661114847.9910333157 0.92500000000000004441 0 0
1661114848.0682756901 0.88000000000000000444 0 0
1661114848.1455171108 0.71999999999999997335 0 0
1661114848.2224686146 0.60999999999999998668 0 0
1661114848.2882449627 0.59499999999999997335 0 0
1661114848.3542695045 0.59499999999999997335 0 0
1661114848.431573391 0.61999999999999999556 0 0
1661114848.4970562458 0.72999999999999998224 0 0
1661114848.5742714405 0.86499999999999999112 0 0
1661114848.6516525745 0.90999999999999992006 0 0
1661114848.7178254128 0.73999999999999999112 0 0
1661114848.7834277153 0.64000000000000001332 0 0
1661114848.8491191864 0.57000000000000006217 0 0
1661114848.9153745174 0.57000000000000006217 0 0
1661114848.9930737019 0.57000000000000006217 0 0
1661114849.0693588257 0.57000000000000006217 0 0
1661114849.1466796398 0.57000000000000006217 0 0
1661114849.2127401829 0.66500000000000003553 0 0
1661114849.2785849571 0.7750000000000000222 0 0
1661114849.3444795609 0.92500000000000004441 0 0
1661114849.4219274521 0.88000000000000000444 0 0
1661114849.4984054565 0.71999999999999997335 0 0
1661114849.5756182671 0.67000000000000003997 0 0
1661114849.641220808 0.70999999999999996447 0 0
1661114849.7183058262 0.81499999999999994671 0 0
1661114849.7955989838 1 0 0
1661114849.8614602089 0.80000000000000004441 0 0
1661114849.9273059368 0.71999999999999997335 0 0
1661114850.0044949055 0.71999999999999997335 0 0
1661114850.0701704025 0.72999999999999998224 0 0
1661114850.1474704742 0.72999999999999998224 0 0
1661114850.2131206989 0.72999999999999998224 0 0
1661114850.2902197838 0.70999999999999996447 0 0
1661114850.3683907986 0.72999999999999998224 0 0
1661114850.4448413849 0.89500000000000001776 0 0
1661114850.5104994774 1 0 0
1661114850.587720871 1 0 0
1661114850.6533973217 0.89000000000000001332 0 0
1661114850.7306520939 0.875 0 0
1661114850.7965154648 0.875 0 0
1661114850.8624358177 0.97999999999999998224 0 0
1661114850.9283967018 1 0 0
1661114851.0057651997 1 0 0
1661114851.0715074539 1 0 0
1661114851.1372382641 1 0 0
1661114851.2145032883 1 0 0
1661114851.2801225185 1 0 0
1661114851.3573577404 1 0 0
1661114851.434615612 1 0 0
1661114851.5001478195 0.93999999999999994671 0 0
1661114851.5776848793 0.92999999999999993783 0 0
1661114851.6432678699 0.92999999999999993783 0 0
1661114851.7205851078 0.92999999999999993783 0 0
1661114851.7862467766 0.93999999999999994671 0 0
1661114851.8636288643 0.94500000000000006217 0 0
1661114851.9295814037 0.93999999999999994671 0 0
1661114851.9951927662 0.91500000000000003553 0 0
1661114852.0723788738 0.90999999999999992006 0 0
1661114852.1494235992 1 0 0
1661114852.226899147 1 0 0
1661114852.2924335003 1 0 0
1661114852.3698048592 1 0 0
1661114852.4354820251 1 0 0
1661114852.5021004677 1 0 0
1661114852.5677235126 1 0 0
1661114852.6334972382 1 0 0
1661114852.6993613243 1 0 0
1661114852.7766301632 1 0 0
1661114852.8424391747 1 0 0
1661114852.9086413383 1 0 0
1661114852.9744105339 0.91500000000000003553 0 0
1661114853.0518271923 0.90999999999999992006 0 0
1661114853.1173014641 0.86999999999999999556 0 0
1661114853.1946947575 0.89500000000000001776 0 0
1661114853.2604954243 0.92500000000000004441 0 0
1661114853.3261697292 1 0 0
1661114853.4035162926 1 0 0
1661114853.480666399 1 0 0
1661114853.5464127064 1 0 0
1661114853.6236054897 1 0 0
1661114853.689640522 1 0 0
1661114853.7558310032 1 0 0
1661114853.8216087818 1 0 0
1661114853.8878157139 1 0 0
1661114853.9537241459 1 0 0
1661114854.0194382668 1 0 0
1661114854.0968468189 1 0 0
1661114854.162375927 1 0 0
1661114854.2396392822 1 0 0
1661114854.305529356 1 0 0
1661114854.3712906837 1 0 0
1661114854.4482929707 1 0 0
1661114854.5257608891 1 0 0
1661114854.591422081 1 0 0
1661114854.6688365936 1 0 0
1661114854.7345197201 1 0 0
1661114854.8001194 1 0 0
1661114854.8776290417 1 0 0
1661114854.9436433315 1 0 0
1661114855.0093920231 1 0 0
1661114855.086730957 1 0 0
1661114855.1527392864 1 0 0
1661114855.2183179855 1 0 0
1661114855.2957134247 1 0 0
1661114855.3613572121 1 0 0
1661114855.4274654388 1 0 0
1661114855.504776001 1 0 0
1661114855.5703213215 0.97999999999999998224 0 0
1661114855.6475923061 0.86999999999999999556 0 0
1661114855.7132034302 0.75500000000000000444 0 0
1661114855.7904109955 0.75500000000000000444 0 0
1661114855.8681359291 0.75500000000000000444 0 0
1661114855.9443919659 0.75500000000000000444 0 0
1661114856.0217626095 0.79499999999999992895 0 0
1661114856.0872242451 0.99499999999999999556 0 0
1661114856.1648278236 0.875 0 0
1661114856.2305681705 0.875 0 0
1661114856.3070888519 0.8350000000000000755 0 0
1661114856.3736701012 0.82499999999999995559 0 0
1661114856.4401669502 0.79499999999999992895 0 0
1661114856.5167021751 0.72999999999999998224 0 0
1661114856.5822739601 0.71499999999999996891 0 0
1661114856.6596474648 0.71499999999999996891 0 0
1661114856.7252964973 0.71999999999999997335 0 0
1661114856.8025567532 0.71999999999999997335 0 0
1661114856.8687274456 0.875 0 0
1661114856.9342916012 1 0 0
1661114857.0117509365 0.85999999999999987566 0 0
1661114857.077393055 0.8350000000000000755 0 0
1661114857.1432466507 0.80000000000000004441 0 0
1661114857.2202804089 0.80000000000000004441 0 0
1661114857.2976222038 0.81499999999999994671 0 0
1661114857.3633799553 0.875 0 0
1661114857.4405572414 0.89000000000000001332 0 0
1661114857.5179569721 0.89000000000000001332 0 0
1661114857.58385396 0.75 0 0
1661114857.6496613026 0.69500000000000006217 0 0
1661114857.7155179977 0.69500000000000006217 0 0
1661114857.7926766872 0.7249999999999999778 0 0
1661114857.8583214283 0.78000000000000002665 0 0
1661114857.9357349873 0.7750000000000000222 0 0
1661114858.001240015 0.75 0 0
1661114858.06772995 0.79499999999999992895 0 0
1661114858.1333270073 0.95999999999999996447 0 0
1661114858.2110233307 1 0 0
1661114858.2766382694 0.94500000000000006217 0 0
1661114858.3421304226 0.85999999999999987566 0 0
1661114858.419506073 0.8499999999999999778 0 0
1661114858.4969344139 0.8499999999999999778 0 0
1661114858.5627682209 0.8499999999999999778 0 0
1661114858.6284410954 0.81499999999999994671 0 0
1661114858.6946208477 0.71999999999999997335 0 0
1661114858.7718622684 0.70499999999999996003 0 0
1661114858.837335825 0.70999999999999996447 0 0
1661114858.9146006107 0.73499999999999998668 0 0
1661114858.991944313 0.75 0 0
1661114859.0573971272 0.875 0 0
1661114859.1347968578 0.875 0 0
1661114859.2003889084 0.92500000000000004441 0 0
1661114859.2777242661 1 0 0
1661114859.3432776928 1 0 0
1661114859.4206371307 0.82499999999999995559 0 0
1661114859.4977810383 0.68500000000000005329 0 0
1661114859.5635674 0.61999999999999999556 0 0
1661114859.6407883167 0.61999999999999999556 0 0
1661114859.706663847 0.61999999999999999556 0 0
1661114859.772439003 0.61999999999999999556 0 0
1661114859.8495292664 0.61999999999999999556 0 0
1661114859.9155459404 0.66500000000000003553 0 0
1661114859.9927880764 0.67499999999999993339 0 0
1661114860.0586583614 0.81499999999999994671 0 0
1661114860.1244885921 0.98999999999999999112 0 0
1661114860.2015407085 1 0 0
1661114860.2672729492 1 0 0
1661114860.3446848392 1 0 0
1661114860.4109704494 1 0 0
1661114860.4871833324 0.82499999999999995559 0 0
1661114860.5646340847 0.64000000000000001332 0 0
1661114860.6306867599 0.47999999999999998224 0 0
1661114860.6964302063 0.45999999999999996447 0 0
1661114860.7740015984 0.45999999999999996447 0 0
1661114860.8398535252 0.35999999999999998668 0 0
1661114860.9055085182 0.21499999999999996891 0 0
1661114860.9827902317 0.020000000000000073275 0 0
1661114861.048643589 0 0 0
1661114861.1142902374 0 0 0
1661114861.1915280819 0 0 0
1661114861.2686576843 0 0 0
1661114861.3343408108 0 0 0
1661114861.4113588333 -0.07499999999999990008 0 0
1661114861.4887542725 -0.12499999999999994449 0 0
1661114861.5546736717 -0.26000000000000000888 0 0
1661114861.6204674244 -0.26000000000000000888 0 0
1661114861.6979043484 -0.26000000000000000888 0 0
1661114861.7637515068 -0.26000000000000000888 0 0
1661114861.8294575214 -0.26000000000000000888 0 0
1661114861.9068865776 -0.26000000000000000888 0 0
1661114861.9726560116 -0.26000000000000000888 0 0
1661114862.0496034622 -0.26000000000000000888 0 0
1661114862.1154811382 -0.26000000000000000888 0 0
1661114862.1928212643 -0.26000000000000000888 0 0
1661114862.2584426403 -0.26000000000000000888 0 0
1661114862.3360426426 -0.23499999999999998668 0 0
1661114862.4124689102 -0.26000000000000000888 0 0
1661114862.4897534847 -0.23499999999999998668 0 0
1661114862.5555815697 -0.23499999999999998668 0 0
1661114862.6329352856 -0.14500000000000001776 0 0
1661114862.6989266872 0.085000000000000019984 0 0
1661114862.7647862434 0.28499999999999997558 0 0
1661114862.8305659294 0.47500000000000003331 0 0
1661114862.9076247215 0.67500000000000004441 0 0
1661114862.9733302593 0.90999999999999992006 0 0
1661114863.050475359 0.8350000000000000755 0 0
1661114863.1279788017 0.72999999999999998224 0 0
1661114863.1939024925 0.72999999999999998224 0 0
1661114863.2596416473 0.72999999999999998224 0 0
1661114863.3369841576 0.7249999999999999778 0 0
1661114863.4027233124 0.71999999999999997335 0 0
1661114863.4685537815 0.71999999999999997335 0 0
1661114863.5459778309 0.71999999999999997335 0 0
1661114863.6115469933 0.67000000000000003997 0 0
1661114863.6888647079 0.63500000000000000888 0 0
1661114863.7544550896 0.61999999999999999556 0 0
1661114863.8316829205 0.61999999999999999556 0 0
1661114863.9088249207 0.6500000000000000222 0 0
1661114863.9744138718 0.75 0 0
1661114864.0514652729 0.88500000000000000888 0 0
1661114864.1287081242 1 0 0
1661114864.2058801651 1 0 0
1661114864.2715482712 1 0 0
1661114864.3382086754 1 0 0
1661114864.4148848057 1 0 0
1661114864.4807188511 1 0 0
1661114864.5464327335 1 0 0
1661114864.6234736443 1 0 0
1661114864.6893546581 1 0 0
1661114864.7667787075 1 0 0
1661114864.8326170444 0.98499999999999998668 0 0
1661114864.9098465443 0.98499999999999998668 0 0
1661114864.9758090973 0.99499999999999999556 0 0
1661114865.0415155888 0.98499999999999998668 0 0
1661114865.1186203957 1 0 0
1661114865.1844661236 1 0 0
1661114865.2618377209 1 0 0
1661114865.3272416592 1 0 0
1661114865.4044559002 1 0 0
1661114865.4820771217 1 0 0
1661114865.5476186275 1 0 0
1661114865.6133322716 0.89500000000000001776 0 0
1661114865.690320015 0.75 0 0
1661114865.7678585052 0.67500000000000004441 0 0
1661114865.8333206177 0.67500000000000004441 0 0
1661114865.911203146 0.67500000000000004441 0 0
1661114865.9874577522 0.67500000000000004441 0 0
1661114866.0538790226 0.7249999999999999778 0 0
1661114866.1196463108 0.7750000000000000222 0 0
1661114866.1967859268 0.85499999999999998224 0 0
1661114866.2625310421 0.875 0 0
1661114866.3400001526 0.92999999999999993783 0 0
1661114866.4057350159 0.93999999999999994671 0 0
1661114866.4822275639 0.92999999999999993783 0 0
1661114866.559684515 0.91500000000000003553 0 0
1661114866.6254966259 0.91500000000000003553 0 0
1661114866.7027506828 0.92500000000000004441 0 0
1661114866.7685806751 1 0 0
1661114866.8460364342 1 0 0
1661114866.9116947651 1 0 0
1661114866.9890217781 0.875 0 0
1661114867.0548877716 0.72999999999999998224 0 0
1661114867.120349884 0.73499999999999998668 0 0
1661114867.1977200508 0.85999999999999987566 0 0
1661114867.2635042667 1 0 0
1661114867.340644598 1 0 0
1661114867.4072048664 1 0 0
1661114867.4835956097 1 0 0
1661114867.5605545044 1 0 0
1661114867.6378278732 1 0 0
1661114867.7032449245 1 0 0
1661114867.7808437347 1 0 0
1661114867.8463878632 0.89000000000000001332 0 0
1661114867.9238774776 0.8350000000000000755 0 0
1661114868.0010824203 0.86499999999999999112 0 0
1661114868.0667061806 0.85499999999999998224 0 0
1661114868.1323664188 0.84499999999999997335 0 0
1661114868.2095758915 0.84499999999999997335 0 0
1661114868.2867267132 0.8499999999999999778 0 0
1661114868.3523800373 0.8499999999999999778 0 0
1661114868.429669857 0.85499999999999998224 0 0
1661114868.506629467 0.90999999999999992006 0 0
1661114868.5837905407 0.95500000000000007105 0 0
1661114868.6493794918 0.99499999999999999556 0 0
1661114868.726580143 0.99499999999999999556 0 0
1661114868.7933967113 0.99499999999999999556 0 0
1661114868.8698894978 0.97999999999999998224 0 0
1661114868.9354770184 0.99499999999999999556 0 0
1661114869.0130801201 1 0 0
1661114869.0788912773 1 0 0
1661114869.1447038651 1 0 0
1661114869.2104744911 1 0 0
1661114869.2881848812 1 0 0
1661114869.364397049 1 0 0
1661114869.4420030117 1 0 0
1661114869.5077483654 1 0 0
1661114869.5848221779 1 0 0
1661114869.6504771709 1 0 0
1661114869.7276639938 1 0 0
1661114869.7936825752 1 0 0
1661114869.8713333607 1 0 0
1661114869.9477109909 1 0 0
1661114870.0249662399 1 0 0
1661114870.0905959606 0.98499999999999998668 0 0
1661114870.1681339741 0.99499999999999999556 0 0
1661114870.2337408066 1 0 0
1661114870.2997338772 1 0 0
1661114870.3767557144 1 0 0
1661114870.4423825741 0.9000000000000000222 0 0
1661114870.5199537277 0.78000000000000002665 0 0
1661114870.5859987736 0.71999999999999997335 0 0
1661114870.651652813 0.70999999999999996447 0 0
1661114870.7289249897 0.71999999999999997335 0 0
1661114870.794467926 0.80000000000000004441 0 0
1661114870.8717939854 0.81499999999999994671 0 0
1661114870.9383351803 0.81499999999999994671 0 0
1661114871.0146503448 0.81499999999999994671 0 0
1661114871.0920011997 0.81499999999999994671 0 0
1661114871.1576230526 0.85499999999999998224 0 0
1661114871.2345104218 0.86999999999999999556 0 0
1661114871.3119661808 0.86999999999999999556 0 0
1661114871.3774309158 0.88000000000000000444 0 0
1661114871.4546074867 0.90999999999999992006 0 0
1661114871.5319046974 0.93999999999999994671 0 0
1661114871.5974524021 0.94500000000000006217 0 0
1661114871.6748979092 0.96999999999999997335 0 0
1661114871.7405011654 1 0 0
1661114871.8176183701 1 0 0
1661114871.8952248096 1 0 0
1661114871.9722657204 1 0 0
1661114872.0377757549 1 0 0
1661114872.103656292 1 0 0
1661114872.1699893475 1 0 0
1661114872.2356443405 1 0 0
1661114872.3128228188 1 0 0
1661114872.3786358833 1 0 0
1661114872.4560980797 1 0 0
1661114872.5216836929 1 0 0
1661114872.5990273952 1 0 0
1661114872.6646389961 0.93999999999999994671 0 0
1661114872.7417721748 0.84499999999999997335 0 0
1661114872.8073768616 0.81499999999999994671 0 0
1661114872.8845911026 0.81499999999999994671 0 0
1661114872.9618120193 0.78499999999999992006 0 0
1661114873.0276620388 0.75500000000000000444 0 0
1661114873.1047878265 0.72999999999999998224 0 0
1661114873.1816453934 0.67000000000000003997 0 0
1661114873.259393692 0.61499999999999999112 0 0
1661114873.3357827663 0.5999999999999999778 0 0
1661114873.4123959541 0.70999999999999996447 0 0
1661114873.4898250103 0.76000000000000000888 0 0
1661114873.5553576946 0.53000000000000002665 0 0
1661114873.6324729919 0.34000000000000002442 0 0
1661114873.7102901936 0.10000000000000000555 0 0
1661114873.7759559155 0.33000000000000001554 0 0
1661114873.841562748 0.39500000000000001776 0 0
1661114873.9189503193 0.2000000000000000111 0 0
1661114873.9958972931 0 0 0
1661114874.0623724461 0 0 0
1661114874.1385834217 0 0 0
1661114874.2158465385 0.22999999999999998224 0 0
1661114874.292945385 0.4000000000000000222 0 0
1661114874.3584256172 0.4000000000000000222 0 0
1661114874.4358525276 0.39499999999999996225 0 0
1661114874.5017819405 0.39500000000000001776 0 0
1661114874.5674862862 0.38000000000000000444 0 0
1661114874.6448135376 0.31000000000000005329 0 0
1661114874.7103338242 0.10999999999999993117 0 0
1661114874.7768120766 0.05500000000000004885 0 0
1661114874.8424019814 0.05500000000000004885 0 0
1661114874.9195408821 0.05500000000000004885 0 0
1661114874.9969229698 0.06500000000000000222 0 0
1661114875.0624711514 0.29499999999999992895 0 0
1661114875.1394066811 0.39499999999999996225 0 0
1661114875.2166326046 0.36499999999999999112 0 0
1661114875.293838501 0.36000000000000004219 0 0
1661114875.3713712692 0.36000000000000004219 0 0
1661114875.4364886284 0.30999999999999999778 0 0
1661114875.5139262676 0.29000000000000003553 0 0
1661114875.5798652172 0.29000000000000003553 0 0
1661114875.6455416679 0.30499999999999999334 0 0
1661114875.722689867 0.36499999999999999112 0 0
1661114875.8001122475 0.13500000000000000888 0 0
1661114875.8656842709 0.36499999999999999112 0 0
1661114875.9427187443 0.55999999999999994227 0 0
1661114876.0199081898 0.79000000000000003553 0 0
1661114876.0854890347 0.7750000000000000222 0 0
1661114876.1627810001 0.76000000000000000888 0 0
1661114876.239998579 0.75500000000000000444 0 0
1661114876.3055653572 0.875 0 0
1661114876.3716657162 0.92999999999999993783 0 0
1661114876.4488568306 0.73999999999999999112 0 0
1661114876.5145609379 0.51500000000000001332 0 0
1661114876.5917184353 0.33499999999999996447 0 0
1661114876.6687994003 0.14500000000000001776 0 0
1661114876.7346048355 -0.090000000000000024425 0 0
1661114876.8119959831 -0.28000000000000002665 0 0
1661114876.8775353432 -0.055000000000000021094 0 0
1661114876.9548351765 0.14499999999999999001 0 0
1661114877.0205681324 0.36999999999999999556 0 0
1661114877.0977659225 0.57000000000000006217 0 0
1661114877.1752724648 0.65500000000000002665 0 0
1661114877.2409203053 0.5999999999999999778 0 0
1661114877.31822896 0.57000000000000006217 0 0
1661114877.3835880756 0.57000000000000006217 0 0
1661114877.4607727528 0.57000000000000006217 0 0
1661114877.5376288891 0.57000000000000006217 0 0
1661114877.6149773598 0.61499999999999999112 0 0
1661114877.6806788445 0.7249999999999999778 0 0
1661114877.758279562 0.85999999999999987566 0 0
1661114877.8241131306 0.91999999999999992895 0 0
1661114877.889881134 0.7249999999999999778 0 0
1661114877.9560797215 0.54000000000000003553 0 0
1661114878.0216357708 0.35999999999999998668 0 0
1661114878.0993247032 0.20999999999999990896 0 0
1661114878.1652562618 -0.025000000000000077716 0 0
1661114878.2310540676 -0.19000000000000000222 0 0
1661114878.2966430187 -0.17000000000000003997 0 0
1661114878.3740022182 0.030000000000000026645 0 0
1661114878.4397404194 0.26500000000000001332 0 0
1661114878.5171120167 0.4500000000000000111 0 0
1661114878.5827550888 0.68999999999999994671 0 0
1661114878.660302639 0.69999999999999995559 0 0
1661114878.7262189388 0.61499999999999999112 0 0
1661114878.792122364 0.58999999999999996891 0 0
1661114878.8579478264 0.58999999999999996891 0 0
1661114878.9237575531 0.58999999999999996891 0 0
1661114879.0011441708 0.5999999999999999778 0 0
1661114879.0665881634 0.67000000000000003997 0 0
1661114879.1438224316 0.78000000000000002665 0 0
1661114879.2098710537 0.7649999999999999023 0 0
1661114879.2754266262 0.56500000000000005773 0 0
1661114879.3532965183 0.375 0 0
1661114879.4186742306 0.14000000000000001332 0 0
1661114879.4844048023 0 0 0
1661114879.5619966984 0.07499999999999990008 0 0
1661114879.6275925636 0.29500000000000003997 0 0
1661114879.704808712 0.48499999999999998668 0 0
1661114879.7824497223 0.71499999999999996891 0 0
1661114879.8479514122 0.95500000000000007105 0 0
1661114879.913718462 1 0 0
1661114879.9907636642 1 0 0
1661114880.0564949512 1 0 0
1661114880.1336407661 0.85499999999999998224 0 0
1661114880.2111096382 0.7249999999999999778 0 0
1661114880.2768957615 0.70499999999999996003 0 0
1661114880.3425323963 0.69500000000000006217 0 0
1661114880.4086401463 0.70499999999999996003 0 0
1661114880.4860441685 0.71499999999999996891 0 0
1661114880.5517551899 0.76500000000000001332 0 0
1661114880.6174457073 0.91500000000000003553 0 0
1661114880.6946115494 0.89000000000000001332 0 0
1661114880.7717161179 0.72999999999999998224 0 0
1661114880.8489127159 0.61999999999999999556 0 0
1661114880.9148879051 0.61999999999999999556 0 0
1661114880.9920964241 0.69500000000000006217 0 0
1661114881.057641983 0.78499999999999992006 0 0
1661114881.1347997189 0.85999999999999987566 0 0
1661114881.2006440163 0.92500000000000004441 0 0
1661114881.2778730392 0.95500000000000007105 0 0
1661114881.3548448086 1 0 0
1661114881.4205026627 1 0 0
1661114881.4978196621 0.89500000000000001776 0 0
1661114881.5750198364 0.72999999999999998224 0 0
1661114881.6405777931 0.55000000000000004441 0 0
1661114881.7177944183 0.43499999999999999778 0 0
1661114881.795125246 0.31500000000000000222 0 0
1661114881.860658884 0.10499999999999998224 0 0
1661114881.937921524 0 0 0
1661114882.0043768883 0.030000000000000026645 0 0
1661114882.0701277256 0 0 0
1661114882.1358275414 0 0 0
1661114882.2133407593 0 0 0
1661114882.2904388905 0 0 0
1661114882.3561952114 0 0 0
1661114882.4219722748 0 0 0
1661114882.4877166748 0 0 0
1661114882.565223217 0 0 0
1661114882.6313836575 0 0 0
1661114882.69708395 0 0 0
1661114882.762658596 0 0 0
1661114882.8400733471 0 0 0
1661114882.9057092667 0 0 0
1661114882.9831252098 0 0 0
1661114883.0486447811 0 0 0
1661114883.1261122227 0 0 0
1661114883.1915404797 0.005000000000000059952 0 0
1661114883.2688586712 0.05500000000000004885 0 0
1661114883.3346431255 0.17000000000000003997 0 0
1661114883.4120173454 0.32999999999999996003 0 0
1661114883.47768116 0.54000000000000003553 0 0
1661114883.5553257465 0.6500000000000000222 0 0
1661114883.6204915047 0.69500000000000006217 0 0
1661114883.6978857517 0.69500000000000006217 0 0
1661114883.7750163078 0.67000000000000003997 0 0
1661114883.8408880234 0.66000000000000003109 0 0
1661114883.9184463024 0.71499999999999996891 0 0
1661114883.9946484566 0.86499999999999999112 0 0
1661114884.0719139576 0.85999999999999987566 0 0
1661114884.1384050846 0.70999999999999996447 0 0
1661114884.204059124 0.56499999999999994671 0 0
1661114884.2697861195 0.4500000000000000111 0 0
1661114884.3473117352 0.35999999999999998668 0 0
1661114884.4238967896 0.17999999999999999334 0 0
1661114884.4897081852 -0.05500000000000004885 0 0
1661114884.5668201447 0 0 0
1661114884.6438632011 0 0 0
1661114884.7095429897 0.23499999999999998668 0 0
1661114884.7868568897 0.4249999999999999889 0 0
1661114884.8640565872 0.65499999999999991562 0 0
1661114884.929690361 0.88500000000000000888 0 0
1661114885.0068144798 0.85499999999999998224 0 0
1661114885.0725500584 0.70499999999999996003 0 0
1661114885.1503038406 0.79499999999999992895 0 0
1661114885.2162778378 0.56000000000000005329 0 0
1661114885.2818238735 0.36999999999999999556 0 0
1661114885.3591589928 0.56000000000000005329 0 0
1661114885.4248402119 0.80000000000000004441 0 0
1661114885.490874052 0.98999999999999999112 0 0
1661114885.5568912029 1 0 0
1661114885.6227133274 1 0 0
1661114885.7003769875 1 0 0
1661114885.7768387794 0.90999999999999992006 0 0
1661114885.8538944721 0.76000000000000000888 0 0
1661114885.9312605858 0.53000000000000002665 0 0
1661114885.996843338 0.75500000000000000444 0 0
1661114886.0738890171 0.67500000000000004441 0 0
1661114886.1397314072 0.58999999999999996891 0 0
1661114886.2169718742 0.51000000000000000888 0 0
1661114886.282759428 0.38500000000000000888 0 0
1661114886.3599143028 0.38500000000000000888 0 0
1661114886.4259970188 0.39500000000000001776 0 0
1661114886.4916033745 0.39500000000000001776 0 0
1661114886.5685503483 0.39500000000000001776 0 0
1661114886.6458878517 0.36499999999999999112 0 0
1661114886.7116208076 0.29999999999999993339 0 0
1661114886.7889323235 0.26500000000000001332 0 0
1661114886.8665168285 0.29500000000000003997 0 0
1661114886.9431891441 0.52000000000000001776 0 0
1661114887.0089826584 0.75500000000000000444 0 0
1661114887.0747447014 0.95999999999999996447 0 0
1661114887.15198946 0.84499999999999997335 0 0
1661114887.2175312042 0.71999999999999997335 0 0
1661114887.2948153019 0.67000000000000003997 0 0
1661114887.3605513573 0.5999999999999999778 0 0
1661114887.4275534153 0.57000000000000006217 0 0
1661114887.4932351112 0.57000000000000006217 0 0
1661114887.5592076778 0.57000000000000006217 0 0
1661114887.6358914375 0.57000000000000006217 0 0
1661114887.7129006386 0.57000000000000006217 0 0
1661114887.7789423466 0.57000000000000006217 0 0
1661114887.8451576233 0.57000000000000006217 0 0
1661114887.9221339226 0.57000000000000006217 0 0
1661114887.9880120754 0.57000000000000006217 0 0
1661114888.0536410809 0.6500000000000000222 0 0
1661114888.1308326721 0.75 0 0
1661114888.2083449364 0.92500000000000004441 0 0
1661114888.2743976116 0.94500000000000006217 0 0
1661114888.350892067 0.80000000000000004441 0 0
1661114888.4168319702 0.56000000000000005329 0 0
1661114888.4941251278 0.36999999999999999556 0 0
1661114888.5601139069 0.14000000000000001332 0 0
1661114888.6256299019 0.33500000000000001998 0 0
1661114888.7030420303 0.53500000000000003109 0 0
1661114888.7691874504 0.66500000000000003553 0 0
1661114888.834833622 0.71499999999999996891 0 0
1661114888.9115817547 0.71999999999999997335 0 0
1661114888.9891729355 0.75 0 0
1661114889.0548346043 0.76000000000000000888 0 0
1661114889.1321001053 0.56000000000000005329 0 0
1661114889.1981129646 0.76000000000000000888 0 0
1661114889.2637085915 0.68500000000000005329 0 0
1661114889.3408904076 0.67000000000000003997 0 0
1661114889.4069185257 0.7750000000000000222 0 0
1661114889.4844591618 0.92999999999999993783 0 0
1661114889.5609104633 0.77000000000000001776 0 0
1661114889.638327837 0.53000000000000002665 0 0
1661114889.7149178982 0.76500000000000001332 0 0
1661114889.7923336029 0.77000000000000001776 0 0
1661114889.8692281246 0.7649999999999999023 0 0
1661114889.9350135326 0.77000000000000001776 0 0
1661114890.0012924671 0.81000000000000005329 0 0
1661114890.0671565533 0.79499999999999992895 0 0
1661114890.133453846 0.5999999999999999778 0 0
1661114890.1993546486 0.4000000000000000222 0 0
1661114890.2649896145 0.60000000000000008882 0 0
1661114890.3309304714 0.6500000000000000222 0 0
1661114890.3966910839 0.56000000000000005329 0 0
1661114890.4737565517 0.51500000000000001332 0 0
1661114890.5515627861 0.53500000000000003109 0 0
1661114890.6277723312 0.34499999999999997335 0 0
1661114890.7051568031 0.56499999999999994671 0 0
1661114890.7710688114 0.77000000000000001776 0 0
1661114890.8374662399 0.65500000000000002665 0 0
1661114890.9029583931 0.5 0 0
1661114890.9795734882 0.47500000000000003331 0 0
1661114891.0573816299 0.24499999999999999556 0 0
1661114891.1252765656 0.020000000000000000416 0 0
1661114891.2109830379 0 0 0
1661114891.2768642902 0 0 0
1661114891.3428246975 0 0 0
1661114891.4200515747 0 0 0
1661114891.4858188629 0 0 0
1661114891.5634474754 0 0 0
1661114891.6399621964 0 0 0
1661114891.7058546543 0 0 0
1661114891.783274889 0 0 0
1661114891.8488519192 0 0 0
1661114891.9259426594 0 0 0
1661114892.0025501251 0 0 0
1661114892.0796735287 0 0 0
1661114892.1571791172 0 0 0
1661114892.2232677937 0 0 0
1661114892.3001739979 0 0 0
1661114892.3660180569 0 0 0
1661114892.4428856373 0 0 0
1661114892.5200333595 0 0 0
1661114892.5865786076 0 0 0
1661114892.6634566784 0 0 0
1661114892.7294328213 0 0 0
1661114892.7952594757 0 0 0
1661114892.8609230518 0 0 0
1661114892.9383742809 0 0 0
1661114893.0042593479 0 0 0
1661114893.0701663494 0 0 0
1661114893.1358582973 0 0 0
1661114893.2132284641 0 0 0
1661114893.2787659168 0 0 0
1661114893.3562357426 0 0 0
1661114893.4220685959 0 0 0
1661114893.4993233681 0.14500000000000001776 0 0
1661114893.5653169155 0.35999999999999998668 0 0
1661114893.630969286 0.39999999999999996669 0 0
1661114893.7078230381 0.20499999999999998779 0 0
1661114893.7851047516 0 0 0
1661114893.8508577347 0 0 0
1661114893.9282267094 0 0 0
1661114893.9941830635 0 0 0
1661114894.0597791672 0 0 0
1661114894.1368954182 -0.16000000000000000333 0 0
1661114894.2140009403 -0.39000000000000001332 0 0
1661114894.2915599346 -0.39500000000000001776 0 0
1661114894.3679423332 -0.39500000000000001776 0 0
1661114894.4452486038 -0.39500000000000001776 0 0
1661114894.5109558105 -0.4000000000000000222 0 0
1661114894.5884399414 -0.39500000000000001776 0 0
1661114894.6649329662 -0.39499999999999996225 0 0
1661114894.7418735027 -0.4000000000000000222 0 0
1661114894.8192942142 -0.4000000000000000222 0 0
1661114894.8847198486 -0.39500000000000001776 0 0
1661114894.9620735645 -0.39500000000000001776 0 0
1661114895.0392875671 -0.39000000000000001332 0 0
1661114895.1157734394 -0.38500000000000000888 0 0
1661114895.1930129528 -0.35499999999999998224 0 0
1661114895.258907795 -0.33499999999999990896 0 0
1661114895.3364694118 -0.28499999999999997558 0 0
1661114895.4128110409 -0.049999999999999961142 0 0
1661114895.4903011322 0 0 0
1661114895.556322813 0 0 0
1661114895.6219780445 0 0 0
1661114895.6990587711 0 0 0
1661114895.7764217854 0.23499999999999998668 0 0
1661114895.8421695232 0.46499999999999996891 0 0
1661114895.9077706337 0.49499999999999999556 0 0
1661114895.98482728 0.60499999999999998224 0 0
1661114896.0621652603 0.76500000000000001332 0 0
1661114896.1279792786 0.94500000000000006217 0 0
1661114896.2055430412 0.80000000000000004441 0 0
1661114896.2712981701 0.56000000000000005329 0 0
1661114896.3370394707 0.36999999999999999556 0 0
1661114896.4142103195 0.17000000000000001221 0 0
1661114896.4799468517 0 0 0
1661114896.5569303036 0 0 0
1661114896.6341633797 0 0 0
1661114896.7113716602 0 0 0
1661114896.7772331238 0 0 0
1661114896.8431379795 0 0 0
1661114896.9090445042 0 0 0
1661114896.9864764214 0 0 0
1661114897.0522549152 0 0 0
1661114897.1180779934 0 0 0
1661114897.1840376854 0 0 0
1661114897.2617580891 0 0 0
1661114897.3380115032 0 0 0
1661114897.403886795 0 0 0
1661114897.4812214375 0 0 0
1661114897.5470392704 0 0 0
1661114897.6244142056 0 0 0
1661114897.6900985241 0 0 0
1661114897.767280817 0 0 0
1661114897.8331546783 0 0 0
1661114897.9103295803 0 0 0
1661114897.9759576321 0 0 0
1661114898.0534908772 0 0 0
1661114898.1194269657 0 0 0
1661114898.185346365 0 0 0
1661114898.2515473366 0 0 0
1661114898.3173208237 0 0 0
1661114898.3832528591 0 0 0
1661114898.448952198 0 0 0
1661114898.5259819031 0 0 0
1661114898.6034889221 0 0 0
1661114898.6691527367 0 0 0
1661114898.7347993851 0 0 0
1661114898.8119385242 0 0 0
1661114898.889138937 0 0 0
1661114898.9546918869 0 0 0
1661114899.0319981575 -0.19000000000000000222 0 0
1661114899.1092758179 -0.4000000000000000222 0 0
1661114899.1750719547 -0.4000000000000000222 0 0
1661114899.2523727417 -0.4000000000000000222 0 0
1661114899.3182749748 -0.4000000000000000222 0 0
1661114899.3841569424 -0.4000000000000000222 0 0
1661114899.4498643875 -0.39500000000000001776 0 0
1661114899.5271449089 -0.39500000000000001776 0 0
1661114899.6042730808 -0.39500000000000001776 0 0
1661114899.6699893475 -0.39000000000000001332 0 0
1661114899.7358350754 -0.39000000000000001332 0 0
1661114899.8132076263 -0.39000000000000001332 0 0
1661114899.8788721561 -0.39000000000000001332 0 0
1661114899.9562103748 -0.39500000000000001776 0 0
1661114900.0219390392 -0.39500000000000001776 0 0
1661114900.0992250443 -0.39500000000000001776 0 0
1661114900.1650459766 -0.39500000000000001776 0 0
1661114900.2423968315 -0.4000000000000000222 0 0
1661114900.3080453873 -0.39500000000000001776 0 0
1661114900.3739004135 -0.39500000000000001776 0 0
1661114900.4511797428 -0.4000000000000000222 0 0
1661114900.5176074505 -0.4000000000000000222 0 0
1661114900.5944814682 -0.4000000000000000222 0 0
1661114900.6600883007 -0.4000000000000000222 0 0
1661114900.7259316444 -0.58999999999999996891 0 0
1661114900.8032586575 -0.7899999999999999245 0 0
1661114900.8689420223 -1 0 0
1661114900.946334362 -1 0 0
1661114901.0228610039 -1 0 0
1661114901.0999481678 -1 0 0
1661114901.1769227982 -1 0 0
1661114901.2543091774 -1 0 0
1661114901.3201539516 -1 0 0
1661114901.3858630657 -1 0 0
1661114901.4635589123 -1 0 0
1661114901.5292789936 -1 0 0
1661114901.5947339535 -1 0 0
1661114901.6611173153 -1 0 0
1661114901.727026701 -1 0 0
1661114901.8045182228 -1 0 0
1661114901.8701455593 -1 0 0
1661114901.9358856678 -0.92999999999999993783 0 0
1661114902.0131750107 -0.92999999999999993783 0 0
1661114902.078827858 -0.76000000000000000888 0 0
1661114902.1559426785 -0.56000000000000005329 0 0
1661114902.233071804 -0.33000000000000001554 0 0
1661114902.3102710247 -0.10000000000000000555 0 0
1661114902.3760111332 0 0 0
1661114902.4534068108 0 0 0
1661114902.5195128918 0 0 0
1661114902.5852303505 0 0 0
1661114902.6625964642 0 0 0
1661114902.7283687592 0 0 0
1661114902.7940161228 0 0 0
1661114902.8713839054 0 0 0
1661114902.937148571 0 0 0
1661114903.0029547215 0 0 0
1661114903.0803668499 0 0 0
1661114903.1461393833 0 0 0
1661114903.2229509354 0 0 0
1661114903.3002338409 0 0 0
1661114903.3661222458 0 0 0
1661114903.4433801174 0 0 0
1661114903.5091197491 0 0 0
1661114903.5864880085 0 0 0
1661114903.6522336006 0 0 0
1661114903.7181117535 0 0 0
1661114903.795214653 0 0 0
1661114903.8610978127 0 0 0
1661114903.9268209934 0 0 0
1661114904.0042586327 0 0 0
1661114904.0816085339 0 0 0
1661114904.1475117207 0 0 0
1661114904.2132909298 0 0 0
1661114904.2788724899 0 0 0
1661114904.3561415672 0 0 0
1661114904.4333131313 0 0 0
1661114904.4989652634 0 0 0
1661114904.5763580799 0 0 0
1661114904.6420142651 0 0 0
1661114904.7192480564 0 0 0
1661114904.7851455212 0 0 0
1661114904.8510034084 0 0 0
1661114904.9280586243 0 0 0
1661114905.0052211285 0 0 0
1661114905.0710077286 0 0 0
1661114905.1485276222 0 0 0
1661114905.2143852711 0 0 0
1661114905.2803008556 0 0 0
1661114905.3459513187 0 0 0
1661114905.4118006229 0 0 0
1661114905.4889800549 0 0 0
1661114905.5662565231 0 0 0
1661114905.6322607994 0 0 0
1661114905.697984457 0 0 0
1661114905.7752044201 0 0 0
1661114905.8522663116 0 0 0
1661114905.9180030823 0 0 0
1661114905.9952178001 0 0 0
1661114906.0726046562 0 0 0
1661114906.1384465694 0 0 0
1661114906.204429388 0 0 0
1661114906.2700054646 0 0 0
1661114906.3476734161 0 0 0
1661114906.4243574142 0 0 0
1661114906.4900610447 0 0 0
1661114906.5672051907 0 0 0
1661114906.632979393 0 0 0
1661114906.7103872299 0 0 0
1661114906.776279211 0 0 0
1661114906.8535919189 0 0 0
1661114906.9194774628 0 0 0
1661114906.985298872 0 0 0
1661114907.051101923 0 0 0
1661114907.1286168098 0 0 0
1661114907.1944832802 0 0 0
1661114907.2602212429 0 0 0
1661114907.3261055946 0 0 0
1661114907.4034247398 0 0 0
1661114907.4689598083 0 0 0
1661114907.54651618 0 0 0
1661114907.6122403145 0 0 0
1661114907.6780760288 0 0 0
1661114907.7555820942 0 0 0
1661114907.8213362694 0 0 0
1661114907.8870117664 0 0 0
1661114907.9641602039 0 0 0
1661114908.0411481857 0 0 0
1661114908.118183136 0 0 0
1661114908.195407629 0 0 0
1661114908.2608733177 0 0 0
1661114908.3384492397 0 0 0
1661114908.40467906 0 0 0
1661114908.4702117443 0 0 0
1661114908.5360200405 0 0 0
1661114908.6136369705 0 0 0
1661114908.6792340279 0 0 0
1661114908.7449109554 0 0 0
1661114908.8220341206 0 0 0
1661114908.8997077942 0 0 0
1661114908.9655249119 0 0 0
1661114909.0313453674 0 0 0
1661114909.0971927643 0 0 0
1661114909.1746895313 0 0 0
1661114909.2404046059 0 0 0
1661114909.3061182499 0 0 0
1661114909.3836426735 0 0 0
1661114909.4495909214 0 0 0
1661114909.5154252052 0 0 0
1661114909.5814790726 0 0 0
1661114909.6473219395 0 0 0
1661114909.7130417824 0 0 0
1661114909.7903561592 0 0 0
1661114909.8674659729 0 0 0
1661114909.9328804016 0 0 0
1661114910.0103063583 0 0 0
1661114910.0759723186 0 0 0
1661114910.14209342 0 0 0
1661114910.2079298496 0 0 0
1661114910.2853441238 0 0 0
1661114910.3508253098 0 0 0
1661114910.4280693531 0 0 0
1661114910.5053210258 0 0 0
1661114910.5711297989 0 0 0
1661114910.6487624645 0 0 0
1661114910.7145950794 0 0 0
1661114910.7802841663 0 0 0
1661114910.8458302021 0 0 0
1661114910.923273325 0 0 0
1661114910.9890122414 0 0 0
1661114911.066018343 0 0 0
1661114911.1318380833 0 0 0
1661114911.209246397 0 0 0
1661114911.2750258446 0 0 0
1661114911.3523638248 0 0 0
1661114911.418389082 0 0 0
1661114911.4841666222 0 0 0
1661114911.5500495434 0 0 0
1661114911.6273753643 0 0 0
1661114911.6930496693 0 0 0
1661114911.7700850964 0 0 0
1661114911.8476417065 0 0 0
1661114911.9239468575 0 0 0
1661114912.0015938282 0 0 0
1661114912.0673611164 0 0 0
1661114912.1329782009 0 0 0
1661114912.2103796005 0 0 0
1661114912.2760515213 0 0 0
1661114912.3534862995 0 0 0
1661114912.4192686081 0 0 0
1661114912.4851429462 0 0 0
1661114912.5624597073 0 0 0
1661114912.6281781197 0 0 0
1661114912.7053706646 0 0 0
1661114912.7825319767 0 0 0
1661114912.8481965065 0 0 0
1661114912.9142038822 0 0 0
1661114912.9802007675 0 0 0
1661114913.0575022697 0 0 0
1661114913.1232235432 0 0 0
1661114913.200356245 0 0 0
1661114913.2660799026 0 0 0
1661114913.3434326649 0 0 0
1661114913.409381628 0 0 0
1661114913.4749281406 0 0 0
1661114913.5522165298 0 0 0
1661114913.629396677 0 0 0
1661114913.6950924397 0 0 0
1661114913.7722663879 0 0 0
1661114913.8496003151 0 0 0
1661114913.9151163101 0 0 0
1661114913.9924309254 0 0 0
1661114914.0694572926 0 0 0
1661114914.1351923943 0 0 0
1661114914.2126567364 0 0 0
1661114914.2782108784 0 0 0
1661114914.3555505276 0 0 0
1661114914.4325451851 0 0 0
1661114914.4981687069 0 0 0
1661114914.5758383274 0 0 0
1661114914.6526348591 0 0 0
1661114914.7181353569 0 0 0
1661114914.7954483032 0 0 0
1661114914.861600399 0 0 0
1661114914.9274733067 0 0 0
1661114914.9933423996 0 0 0
1661114915.0706837177 0 0 0
1661114915.1471261978 0 0 0
1661114915.2243177891 0 0 0
1661114915.2900781631 0 0 0
1661114915.3674693108 0 0 0
1661114915.4331822395 0 0 0
1661114915.510643959 0 0 0
1661114915.5763463974 0 0 0
1661114915.65345788 0 0 0
1661114915.7191853523 0 0 0
1661114915.784914732 0 0 0
1661114915.8623635769 0 0 0
1661114915.9279811382 0 0 0
1661114916.0054852962 0 0 0
1661114916.0717666149 0 0 0
1661114916.1373646259 0 0 0
1661114916.2029752731 0 0 0
1661114916.2803592682 0 0 0
1661114916.3461182117 0 0 0
1661114916.4231543541 0 0 0
1661114916.5007040501 0 0 0
1661114916.5664503574 0 0 0
1661114916.6321647167 0 0 0
1661114916.7093412876 0 0 0
1661114916.7862610817 0 0 0
1661114916.8521318436 0 0 0
1661114916.929516077 0 0 0
1661114916.9950792789 0 0 0
1661114917.0724060535 0 0 0
1661114917.1381671429 0 0 0
1661114917.2156393528 0 0 0
1661114917.2811570168 0 0 0
1661114917.3588299751 0 0 0
1661114917.4247999191 0 0 0
1661114917.4904146194 0 0 0
1661114917.5561358929 0 0 0
1661114917.6336734295 0 0 0
1661114917.6992814541 0 0 0
1661114917.7763473988 0 0 0
1661114917.8428206444 0 0 0
1661114917.919315815 0 0 0
1661114917.9965474606 0 0 0
1661114918.0620262623 0 0 0
1661114918.1395041943 0 0 0
1661114918.205145359 0 0 0
1661114918.282433033 0 0 0
1661114918.348334074 0 0 0
1661114918.4144184589 0 0 0
1661114918.4800217152 0 0 0
1661114918.5574526787 0 0 0
1661114918.6232042313 0 0 0
1661114918.7004702091 0 0 0
1661114918.7662761211 0 0 0
1661114918.8435895443 0 0 0
1661114918.9091594219 0 0 0
1661114918.9864635468 0 0 0
1661114919.0524084568 0 0 0
1661114919.1180558205 0 0 0
1661114919.1955137253 0 0 0
1661114919.261077404 0 0 0
1661114919.3383603096 0 0 0
1661114919.4041264057 0 0 0
1661114919.481089592 0 0 0
1661114919.5586206913 0 0 0
1661114919.6243772507 0 0 0
1661114919.7015879154 0 0 0
1661114919.7678148746 0 0 0
1661114919.8336236477 0 0 0
1661114919.899520874 0 0 0
1661114919.9652769566 0 0 0
1661114920.0426182747 0 0 0
1661114920.1082823277 0 0 0
1661114920.185816288 0 0 0
1661114920.2620925903 0 0 0
1661114920.3395001888 0 0 0
1661114920.4055151939 0 0 0
1661114920.4712483883 0 0 0
1661114920.5373854637 0 0 0
1661114920.6031770706 0 0 0
1661114920.6804196835 0 0 0
1661114920.7461845875 0 0 0
1661114920.8235542774 0 0 0
1661114920.8895223141 0 0 0
1661114920.9553887844 0 0 0
1661114921.0218131542 0 0 0
1661114921.0879950523 0 0 0
1661114921.1640570164 0 0 0
1661114921.2409946918 0 0 0
1661114921.3076457977 0 0 0
1661114921.384365797 0 0 0
1661114921.4613211155 0 0 0
1661114921.538923502 0 0 0
1661114921.6047914028 0 0 0
1661114921.6709284782 0 0 0
1661114921.7366836071 0 0 0
