1662774719.1785361767 0 0 0
1662774719.2449343204 0 0 0
1662774719.3104908466 0 0 0
1662774719.3875358105 0 0 0
1662774719.465031147 0 0 0
1662774719.5310697556 0 0 0
1662774719.6081929207 0 0 0
1662774719.6854741573 0 0 0
1662774719.7613072395 0 0 0
1662774719.8387496471 0 0 0
1662774719.9043149948 0 0 0
1662774719.9815969467 0 0 0
1662774720.0481083393 0 0 0
1662774720.1141302586 0 0 0
1662774720.1797635555 0 0 0
1662774720.2457053661 0 0 0
1662774720.3115744591 0 0 0
1662774720.3777537346 0 0 0
1662774720.4541592598 0 0 0
1662774720.5205056667 0 0 0
1662774720.5861551762 0 0 0
1662774720.6524515152 0 0 0
1662774720.7191054821 0 0 0
1662774720.7847604752 0 0 0
1662774720.850502491 0 0 0
1662774720.9275753498 0 0 0
1662774721.0047225952 0 0 0
1662774721.0703547001 0 0 0
1662774721.147875309 0 0 0
1662774721.2137136459 0 0 0
1662774721.2800040245 0 0 0
1662774721.3456285 0 0 0
1662774721.4117786884 0 0 0
1662774721.4777097702 0 0 0
1662774721.5543863773 0 0 0
1662774721.620115757 0 0 0
1662774721.6861488819 0 0 0
1662774721.7629976273 0 0 0
1662774721.829035759 0 0 0
1662774721.8956747055 0 0 0
1662774721.9719355106 0 0 0
1662774722.038465023 0 0 0
1662774722.1043772697 0 0 0
1662774722.1702756882 0 0 0
1662774722.2363522053 0 0 0
1662774722.3136892319 0 0 0
1662774722.3794715405 0 0 0
1662774722.4455163479 0 0 0
1662774722.5118021965 0 0 0
1662774722.5776057243 0 0 0
1662774722.6434500217 0 0 0
1662774722.7205302715 0 0 0
1662774722.7867512703 0 0 0
1662774722.8524749279 0 0 0
1662774722.9298052788 0 0 0
1662774722.9950778484 0 0 0
1662774723.0723805428 0 0 0
1662774723.1489789486 0 0 0
1662774723.2262883186 0 0 0
1662774723.2918674946 0 0 0
1662774723.3587677479 0 0 0
1662774723.4353158474 0 0 0
1662774723.5011875629 0 0 0
1662774723.5677604675 0 0 0
1662774723.6337237358 0 0 0
1662774723.6992917061 0 0 0
1662774723.7762076855 0 0 0
1662774723.8421132565 0 0 0
1662774723.9192464352 0 0 0
1662774723.9854328632 0 0 0
1662774724.0510668755 0 0 0
1662774724.1285040379 0 0 0
1662774724.1946356297 0 0 0
1662774724.2605807781 0 0 0
1662774724.3262090683 0 0 0
1662774724.4030823708 0 0 0
1662774724.4806463718 0 0 0
1662774724.5461959839 0 0 0
1662774724.6229474545 0 0 0
1662774724.688845396 0 0 0
1662774724.7553701401 0 0 0
1662774724.8213436604 0 0 0
1662774724.8868379593 0 0 0
1662774724.9641587734 0 0 0
1662774725.0408864021 0 0 0
1662774725.1186745167 0 0 0
1662774725.195043087 0 0 0
1662774725.2724273205 0 0 0
1662774725.3382425308 0 0 0
1662774725.414963007 0 0 0
1662774725.4918558598 0 0 0
1662774725.5696442127 0 0 0
1662774725.6354703903 0 0 0
1662774725.7117092609 0 0 0
1662774725.7896161079 0 0 0
1662774725.8657886982 0 0 0
1662774725.931845665 0 0 0
1662774726.0091791153 0 0 0
1662774726.0752112865 0 0 0
1662774726.1412112713 0 0 0
1662774726.2066938877 0 0 0
1662774726.2846603394 0 0 0
1662774726.3499815464 0 0 0
1662774726.4270398617 0 0 0
1662774726.4929182529 0 0 0
1662774726.570353508 0 0 0
1662774726.6362924576 0 0 0
1662774726.7023024559 0 0 0
1662774726.7678501606 0 0 0
1662774726.8340184689 0 0 0
1662774726.9113788605 0 0 0
1662774726.9773061275 0 0 0
1662774727.0432741642 0 0 0
1662774727.1089894772 0 0 0
1662774727.1863689423 0 0 0
1662774727.2524197102 0 0 0
1662774727.3177518845 0 0 0
1662774727.3945639133 0 0 0
1662774727.4716546535 0 0 0
1662774727.548927784 0 0 0
1662774727.6264908314 0 0 0
1662774727.692276001 0 0 0
1662774727.7684898376 0 0 0
1662774727.8348388672 0 0 0
1662774727.9012327194 0 0 0
1662774727.9666161537 0 0 0
1662774728.0435121059 0 0 0
1662774728.1102871895 0 0 0
1662774728.1758959293 0 0 0
1662774728.252644062 0 0 0
1662774728.3303151131 0 0 0
1662774728.3960058689 0 0 0
1662774728.472615242 0 0 0
1662774728.5499224663 0 0 0
1662774728.6159613132 0 0 0
1662774728.6817791462 0 0 0
1662774728.7475411892 0 0 0
1662774728.8247566223 0 0 0
1662774728.9020984173 0 0 0
1662774728.9677484035 0 0 0
1662774729.033577919 0 0 0
1662774729.1107885838 0 0 0
1662774729.1882405281 0 0 0
1662774729.253724575 0 0 0
1662774729.3194878101 0 0 0
1662774729.3854868412 0 0 0
1662774729.462968111 0 0 0
1662774729.5400605202 0 0 0
1662774729.6059629917 0 0 0
1662774729.671838522 0 0 0
1662774729.7379143238 0 0 0
1662774729.8034653664 0 0 0
1662774729.8805675507 0 0 0
1662774729.9578449726 0 0 0
1662774730.0236022472 0.23000000000000000999 0 0
1662774730.100328207 0.41999999999999998446 0 0
1662774730.1780951023 0.66000000000000003109 0 0
1662774730.2435772419 0.89000000000000001332 0 0
1662774730.3207652569 1 0 0
1662774730.3977313042 1 0 0
1662774730.463518858 1 0 0
1662774730.5412213802 1 0 0
1662774730.6177353859 1 0 0
1662774730.6837952137 1 0 0
1662774730.7493271828 1 0 0
1662774730.8271019459 1 0 0
1662774730.8932254314 1 0 0
1662774730.9592721462 1 0 0
1662774731.0245859623 1 0 0
1662774731.1015229225 1 0 0
1662774731.1789469719 1 0 0
1662774731.2444226742 1 0 0
1662774731.3219995499 1 0 0
1662774731.387247324 1 0 0
1662774731.4643740654 1 0 0
1662774731.5416827202 1 0 0
1662774731.6181573868 1 0 0
1662774731.696089983 1 0 0
1662774731.772387743 1 0 0
1662774731.84928298 1 0 0
1662774731.9270336628 1 0 0
1662774731.9928233624 1 0 0
1662774732.0583567619 1 0 0
1662774732.1357049942 1 0 0
1662774732.2020447254 1 0 0
1662774732.2786924839 1 0 0
1662774732.344604969 1 0 0
1662774732.4102883339 1 0 0
1662774732.487424612 1 0 0
1662774732.5647125244 1 0 0
1662774732.6305012703 1 0 0
1662774732.7078888416 1 0 0
1662774732.7737774849 1 0 0
1662774732.8397293091 1 0 0
1662774732.9054644108 1 0 0
1662774732.9826920033 1 0 0
1662774733.0483701229 1 0 0
1662774733.1256308556 1 0 0
1662774733.1917200089 1 0 0
1662774733.2576515675 1 0 0
1662774733.3233623505 1 0 0
1662774733.4000184536 1 0 0
1662774733.4780564308 1 0 0
1662774733.5543427467 1 0 0
1662774733.6319317818 1 0 0
1662774733.708971262 1 0 0
1662774733.7743952274 1 0 0
1662774733.8408751488 1 0 0
1662774733.9062283039 1 0 0
1662774733.9836995602 1 0 0
1662774734.0500197411 1 0 0
1662774734.1267364025 1 0 0
1662774734.1931254864 1 0 0
1662774734.2589285374 1 0 0
1662774734.3358123302 1 0 0
1662774734.401586771 1 0 0
1662774734.4677181244 1 0 0
1662774734.5449593067 1 0 0
1662774734.6103987694 1 0 0
1662774734.68724823 1 0 0
1662774734.7532718182 1 0 0
1662774734.8302707672 1 0 0
1662774734.907356739 1 0 0
1662774734.9846196175 1 0 0
1662774735.0504622459 1 0 0
1662774735.1163814068 1 0 0
1662774735.1821975708 1 0 0
1662774735.2596230507 1 0 0
1662774735.3253219128 1 0 0
1662774735.3913786411 1 0 0
1662774735.4571769238 1 0 0
1662774735.5346856117 1 0 0
1662774735.6004936695 1 0 0
1662774735.6664400101 1 0 0
1662774735.7321274281 1 0 0
1662774735.8094997406 1 0 0
1662774735.8754534721 1 0 0
1662774735.9413304329 1 0 0
1662774736.0073735714 1 0 0
1662774736.0733821392 1 0 0
1662774736.139077425 1 0 0
1662774736.2164070606 1 0 0
1662774736.282204628 1 0 0
1662774736.359555006 1 0 0
1662774736.4253361225 1 0 0
1662774736.4910125732 1 0 0
1662774736.5682191849 1 0 0
1662774736.6339588165 1 0 0
1662774736.7005705833 1 0 0
1662774736.7664597034 1 0 0
1662774736.8437972069 1 0 0
1662774736.9094648361 1 0 0
1662774736.9866914749 1 0 0
1662774737.0627119541 1 0 0
1662774737.1406633854 1 0 0
1662774737.2061464787 1 0 0
1662774737.2832217216 1 0 0
1662774737.3487346172 1 0 0
1662774737.4150707722 1 0 0
1662774737.4808585644 1 0 0
1662774737.5583400726 1 0 0
1662774737.624001503 1 0 0
1662774737.7013616562 1 0 0
1662774737.7669043541 1 0 0
1662774737.8443892002 1 0 0
1662774737.9100580215 1 0 0
1662774737.9756770134 1 0 0
1662774738.0530321598 1 0 0
1662774738.1304662228 1 0 0
1662774738.1962270737 1 0 0
1662774738.2620372772 1 0 0
1662774738.3393836021 1 0 0
1662774738.4052960873 1 0 0
1662774738.4709126949 1 0 0
1662774738.5482883453 1 0 0
1662774738.6139378548 1 0 0
1662774738.6909434795 1 0 0
1662774738.7681450844 1 0 0
1662774738.8338685036 1 0 0
1662774738.8997912407 1 0 0
1662774738.9770550728 1 0 0
1662774739.0543112755 1 0 0
1662774739.1200487614 1 0 0
1662774739.1857392788 1 0 0
1662774739.2635617256 1 0 0
1662774739.3291945457 1 0 0
1662774739.4064347744 1 0 0
1662774739.4722423553 1 0 0
1662774739.5380704403 1 0 0
1662774739.6151423454 1 0 0
1662774739.680952549 1 0 0
1662774739.7467880249 1 0 0
1662774739.8244824409 1 0 0
1662774739.8903665543 1 0 0
1662774739.9559822083 1 0 0
1662774740.0217444897 1 0 0
1662774740.0990264416 1 0 0
1662774740.1648852825 1 0 0
1662774740.2307217121 1 0 0
1662774740.307952404 1 0 0
1662774740.3738768101 1 0 0
1662774740.4512522221 1 0 0
1662774740.5169451237 1 0 0
1662774740.5828225613 1 0 0
1662774740.6486473083 1 0 0
1662774740.7264053822 1 0 0
1662774740.7919785976 1 0 0
1662774740.8577926159 1 0 0
1662774740.9352061749 1 0 0
1662774741.0010211468 1 0 0
1662774741.0667691231 1 0 0
1662774741.1328189373 1 0 0
1662774741.2101342678 1 0 0
1662774741.2760467529 1 0 0
1662774741.3419513702 1 0 0
1662774741.4077773094 1 0 0
1662774741.4849402905 1 0 0
1662774741.5506651402 1 0 0
1662774741.6282095909 1 0 0
1662774741.6937818527 1 0 0
1662774741.7597212791 1 0 0
1662774741.8370251656 1 0 0
1662774741.9029378891 1 0 0
1662774741.9687550068 1 0 0
1662774742.0460948944 1 0 0
1662774742.111720562 1 0 0
1662774742.1775901318 1 0 0
1662774742.254783392 1 0 0
1662774742.3211219311 1 0 0
1662774742.3869607449 1 0 0
1662774742.4526357651 1 0 0
1662774742.5302474499 1 0 0
1662774742.6067214012 1 0 0
1662774742.6728141308 1 0 0
1662774742.738717556 1 0 0
1662774742.8043801785 1 0 0
1662774742.8819847107 1 0 0
1662774742.9480028152 1 0 0
1662774743.0138163567 1 0 0
1662774743.0796108246 1 0 0
1662774743.1570887566 1 0 0
1662774743.2336716652 1 0 0
1662774743.29961586 1 0 0
1662774743.3769686222 1 0 0
1662774743.4426779747 1 0 0
1662774743.5086538792 1 0 0
1662774743.5746495724 1 0 0
1662774743.6520590782 1 0 0
1662774743.7179250717 1 0 0
1662774743.7836740017 1 0 0
1662774743.8493301868 1 0 0
1662774743.9269909859 1 0 0
1662774743.992846489 1 0 0
1662774744.0587086678 1 0 0
1662774744.1251344681 1 0 0
1662774744.1909248829 1 0 0
1662774744.256434679 1 0 0
1662774744.3340332508 1 0 0
1662774744.4106051922 1 0 0
1662774744.4764404297 1 0 0
1662774744.5538671017 1 0 0
1662774744.6303656101 1 0 0
1662774744.7079842091 1 0 0
1662774744.7735140324 1 0 0
1662774744.8393752575 1 0 0
1662774744.906088829 1 0 0
1662774744.9820988178 1 0 0
1662774745.0482957363 1 0 0
1662774745.1252553463 1 0 0
1662774745.2026302814 1 0 0
1662774745.2687468529 1 0 0
1662774745.3344302177 1 0 0
1662774745.4002933502 1 0 0
1662774745.477689743 1 0 0
1662774745.5439176559 1 0 0
1662774745.6090257168 1 0 0
1662774745.6866445541 1 0 0
1662774745.7636656761 1 0 0
1662774745.8408927917 1 0 0
1662774745.9065442085 1 0 0
1662774745.9726390839 1 0 0
1662774746.0386376381 1 0 0
1662774746.1046619415 1 0 0
1662774746.1705036163 1 0 0
1662774746.2360067368 1 0 0
1662774746.313521862 1 0 0
1662774746.3792648315 1 0 0
1662774746.4567196369 1 0 0
1662774746.5223429203 1 0 0
1662774746.5882101059 1 0 0
1662774746.6654000282 1 0 0
1662774746.73133111 1 0 0
1662774746.7977690697 1 0 0
1662774746.8638916016 1 0 0
1662774746.9293487072 1 0 0
1662774747.0069270134 1 0 0
1662774747.0833687782 1 0 0
1662774747.1607513428 1 0 0
1662774747.2266323566 1 0 0
1662774747.2923841476 1 0 0
1662774747.3581049442 1 0 0
1662774747.434946537 1 0 0
1662774747.5018799305 1 0 0
1662774747.5670282841 1 0 0
1662774747.644562006 1 0 0
1662774747.7217628956 1 0 0
1662774747.7986066341 1 0 0
1662774747.8751437664 0.76000000000000000888 0 0
1662774747.9415330887 0.53000000000000002665 0 0
1662774748.018396616 0.33000000000000001554 0 0
1662774748.0951941013 0.10000000000000000555 0 0
1662774748.1611251831 0 0 0
1662774748.227148056 0 0 0
1662774748.292986393 0 0 0
1662774748.3699486256 0 0 0
1662774748.4367017746 0 0 0
1662774748.5137374401 0 0 0
1662774748.5897622108 0 0 0
1662774748.6677217484 0 0 0
1662774748.7447106838 0 0 0
1662774748.8208913803 0 0 0
1662774748.8876309395 0 0 0
1662774748.9639837742 0 0 0
1662774749.0410571098 0 0 0
1662774749.1075549126 0 0 0
1662774749.1837151051 0 0 0
1662774749.2609095573 0 0 0
1662774749.3275904655 0 0 0
1662774749.3932144642 0 0 0
1662774749.4595530033 0 0 0
1662774749.535902977 0 0 0
1662774749.6017057896 0 0 0
1662774749.6686930656 0 0 0
1662774749.745582819 0 0 0
1662774749.8219997883 0 0 0
1662774749.8878643513 0 0 0
1662774749.9545176029 0 0 0
1662774750.0311875343 0 0 0
1662774750.0970578194 0 0 0
1662774750.1634430885 0 0 0
1662774750.2288517952 0 0 0
1662774750.2955255508 0 0 0
1662774750.3724420071 0 0 0
1662774750.4492208958 0 0 0
1662774750.5148515701 0 0 0
1662774750.5809690952 0 0 0
1662774750.6466317177 0 0 0
1662774750.7241551876 0 0 0
1662774750.7898850441 0 0 0
1662774750.8556773663 0 0 0
1662774750.9221205711 0 0 0
1662774750.9987812042 0 0 0
1662774751.0646941662 0 0 0
1662774751.1423046589 0 0 0
1662774751.2187974453 0 0 0
1662774751.2845602036 0 0 0
1662774751.3514025211 0 0 0
1662774751.4278013706 0 0 0
1662774751.4937252998 0 0 0
1662774751.559643507 0 0 0
1662774751.6255385876 0 0 0
1662774751.7032036781 0 0 0
1662774751.7798347473 0 0 0
1662774751.8457100391 0 0 0
1662774751.9115197659 0 0 0
1662774751.9893462658 0 0 0
