1661115904.7312633991 -0.075000000000000011102 0 0
1661115904.8088328838 -0.19000000000000000222 0 0
1661115904.8745279312 -0.19000000000000000222 0 0
1661115904.9403223991 0 0 0
1661115905.0064926147 0.19999999999999998335 0 0
1661115905.0721683502 0.0050000000000000044409 0 0
1661115905.1499762535 0 0 0
1661115905.2263274193 0.22499999999999995004 0 0
1661115905.3033175468 0.45499999999999996003 0 0
1661115905.3693635464 0.68999999999999994671 0 0
1661115905.4466853142 0.78000000000000002665 0 0
1661115905.5126466751 0.81000000000000005329 0 0
1661115905.5786371231 0.81000000000000005329 0 0
1661115905.6442947388 0.81000000000000005329 0 0
1661115905.7217435837 0.80000000000000004441 0 0
1661115905.7874450684 0.79499999999999992895 0 0
1661115905.8532748222 0.81499999999999994671 0 0
1661115905.930388689 0.98499999999999998668 0 0
1661115906.0079376698 0.81000000000000005329 0 0
1661115874.5693473816 0.19500000000000000666 0 0
1661115874.6350595951 0.4249999999999999889 0 0
1661115874.712262392 0.50500000000000000444 0 0
1661115874.7892310619 0.57999999999999996003 0 0
1661115874.8549683094 0.61999999999999999556 0 0
1661115874.9321517944 0.61999999999999999556 0 0
1661115874.998142004 0.73999999999999999112 0 0
1661115875.0638718605 0.88000000000000000444 0 0
1661115875.1413619518 1 0 0
1661115875.2179858685 1 0 0
1661115875.2837631702 1 0 0
1661115875.3611841202 1 0 0
1661115875.4377627373 1 0 0
1661115875.5150332451 1 0 0
1661115875.5807430744 1 0 0
1661115875.6580140591 1 0 0
1661115875.7237558365 1 0 0
1661115875.8010463715 0.97999999999999998224 0 0
1661115875.8667378426 0.94500000000000006217 0 0
1661115875.9438409805 0.94500000000000006217 0 0
1661115876.0211360455 0.92999999999999993783 0 0
1661115876.0866055489 0.83000000000000007105 0 0
1661115876.1638855934 0.80000000000000004441 0 0
1661115876.2413365841 0.78000000000000002665 0 0
1661115876.3071963787 0.78000000000000002665 0 0
1661115876.3727402687 0.78000000000000002665 0 0
1661115876.4502649307 0.78000000000000002665 0 0
1661115876.5160057545 0.86499999999999999112 0 0
1661115876.5931515694 0.92999999999999993783 0 0
1661115876.6588923931 0.92999999999999993783 0 0
1661115876.7360141277 0.85999999999999987566 0 0
1661115876.8131709099 0.84499999999999997335 0 0
1661115876.8794419765 0.8350000000000000755 0 0
1661115876.9449632168 0.8350000000000000755 0 0
1661115877.0222241879 0.8350000000000000755 0 0
1661115877.0877864361 0.8350000000000000755 0 0
1661115877.164996624 0.8350000000000000755 0 0
1661115877.2422130108 0.89500000000000001776 0 0
1661115877.3079090118 0.91500000000000003553 0 0
1661115877.3850033283 0.90999999999999992006 0 0
1661115877.4516434669 0.90999999999999992006 0 0
1661115874.5693473816 0.19500000000000000666 0 0
1661115874.6350595951 0.4249999999999999889 0 0
1661115874.712262392 0.50500000000000000444 0 0
1661115874.7892310619 0.57999999999999996003 0 0
1661115874.8549683094 0.61999999999999999556 0 0
1661115874.9321517944 0.61999999999999999556 0 0
1661115874.998142004 0.73999999999999999112 0 0
1661115875.0638718605 0.88000000000000000444 0 0
1661115875.1413619518 1 0 0
1661115875.2179858685 1 0 0
1661115875.2837631702 1 0 0
1661115875.3611841202 1 0 0
1661115875.4377627373 1 0 0
1661115875.5150332451 1 0 0
1661115875.5807430744 1 0 0
1661115875.6580140591 1 0 0
1661115875.7237558365 1 0 0
1661115875.8010463715 0.97999999999999998224 0 0
1661115875.8667378426 0.94500000000000006217 0 0
1661115875.9438409805 0.94500000000000006217 0 0
1661115876.0211360455 0.92999999999999993783 0 0
1661115876.0866055489 0.83000000000000007105 0 0
1661115876.1638855934 0.80000000000000004441 0 0
1661115876.2413365841 0.78000000000000002665 0 0
1661115876.3071963787 0.78000000000000002665 0 0
1661115876.3727402687 0.78000000000000002665 0 0
1661115876.4502649307 0.78000000000000002665 0 0
1661115876.5160057545 0.86499999999999999112 0 0
1661115876.5931515694 0.92999999999999993783 0 0
1661115876.6588923931 0.92999999999999993783 0 0
1661115876.7360141277 0.85999999999999987566 0 0
1661115876.8131709099 0.84499999999999997335 0 0
1661115876.8794419765 0.8350000000000000755 0 0
1661115876.9449632168 0.8350000000000000755 0 0
1661115877.0222241879 0.8350000000000000755 0 0
1661115877.0877864361 0.8350000000000000755 0 0
1661115877.164996624 0.8350000000000000755 0 0
1661115877.2422130108 0.89500000000000001776 0 0
1661115877.3079090118 0.91500000000000003553 0 0
1661115877.3850033283 0.90999999999999992006 0 0
1661115877.4516434669 0.90999999999999992006 0 0
1661115877.5276787281 0.90999999999999992006 0 0
1661115877.6052188873 0.90999999999999992006 0 0
1661115877.6708152294 0.92500000000000004441 0 0
1661115877.7483718395 0.92500000000000004441 0 0
1661115877.8140566349 0.92500000000000004441 0 0
1661115877.8796803951 0.91500000000000003553 0 0
1661115877.9571268559 0.92500000000000004441 0 0
1661115878.022809267 0.92500000000000004441 0 0
1661115878.1000850201 0.92500000000000004441 0 0
1661115878.1657035351 0.92500000000000004441 0 0
1661115878.2426934242 0.92999999999999993783 0 0
1661115878.3200895786 1 0 0
1661115878.3857529163 1 0 0
1661115878.4631192684 1 0 0
1661115878.5290806293 1 0 0
1661115878.5947656631 1 0 0
1661115878.6719913483 1 0 0
1661115878.7377688885 1 0 0
1661115878.8154284954 0.96999999999999997335 0 0
1661115878.8810887337 0.90999999999999992006 0 0
1661115878.9476470947 0.90999999999999992006 0 0
1661115879.0241034031 0.90999999999999992006 0 0
1661115879.1013844013 0.90999999999999992006 0 0
1661115879.1672980785 0.90999999999999992006 0 0
1661115879.2329182625 0.875 0 0
1661115879.3102114201 0.875 0 0
1661115879.3759503365 0.875 0 0
1661115879.4531569481 0.94500000000000006217 0 0
1661115879.5188760757 1 0 0
1661115879.5853443146 1 0 0
1661115879.6511306763 1 0 0
1661115879.716729641 1 0 0
1661115879.7938895226 0.93999999999999994671 0 0
1661115879.8710901737 0.91500000000000003553 0 0
1661115879.9369359016 0.90999999999999992006 0 0
1661115880.0139613152 0.90999999999999992006 0 0
1661115880.0800588131 0.90999999999999992006 0 0
1661115880.1573634148 0.90999999999999992006 0 0
1661115880.2229809761 0.90999999999999992006 0 0
1661115880.3000395298 0.90999999999999992006 0 0
1661115880.3661241531 0.81000000000000005329 0 0
1661115880.4316689968 0.71999999999999997335 0 0
1661115880.5087776184 0.63500000000000000888 0 0
1661115880.5860965252 0.59499999999999997335 0 0
1661115880.6635131836 0.58499999999999996447 0 0
1661115880.7398703098 0.65500000000000002665 0 0
1661115880.8170843124 0.78000000000000002665 0 0
1661115880.8829712868 0.97499999999999986677 0 0
1661115880.9601733685 0.8350000000000000755 0 0
1661115881.0258705616 0.76500000000000001332 0 0
1661115881.1031796932 0.75500000000000000444 0 0
1661115881.168992281 0.7249999999999999778 0 0
1661115881.2461879253 0.69500000000000006217 0 0
1661115881.3117427826 0.69500000000000006217 0 0
