1652326299.4302859306 0 0 0
1652326299.5289394855 0 0 0
1652326299.6281409264 0 0 0
1652326299.7377631664 0 0 0
1652326299.8365015984 0 0 0
1652326299.9364013672 0 0 0
1652326300.0346508026 0 0 0
1652326300.1344978809 0 0 0
1652326300.2328646183 0 0 0
1652326300.3320870399 0 0 0
1652326300.4310829639 0 0 0
1652326300.5297687054 0 0 0
1652326300.6286513805 0 0 0
1652326300.7285187244 0 0 0
1652326300.8385026455 0 0 0
1652326300.9373245239 0 0 0
1652326301.0362055302 0 0 0
1652326301.1353263855 0 0 0
1652326301.2340495586 0 0 0
1652326301.3330276012 0 0 0
1652326301.4321203232 0 0 0
1652326301.5306107998 0 0 0
1652326301.630058527 0 0 0
1652326301.7291893959 0 0 0
1652326301.828281641 0 0 0
1652326301.9378967285 0 0 0
1652326302.036659956 0 0 0
1652326302.1364076138 0 0 0
1652326302.2352666855 0 0 0
1652326302.334467411 0 0 0
1652326302.4328668118 0 0 0
1652326302.5321831703 0 0 0
1652326302.6312491894 0 0 0
1652326302.7297303677 0 0 0
1652326302.829190731 0 0 0
1652326302.9281842709 0 0 0
1652326303.0270116329 0 0 0
1652326303.1374740601 0 0 0
1652326303.2355840206 0 0 0
1652326303.3355107307 0 0 0
1652326303.4343316555 0 0 0
1652326303.5333724022 0 0 0
1652326303.6323034763 0 0 0
1652326303.7312269211 0 0 0
1652326303.8301193714 0 0 0
1652326303.9286463261 0 0 0
1652326304.0279903412 0 0 0
1652326304.1381428242 0 0 0
1652326304.2374298573 0 0 0
1652326304.3364026546 0 0 0
1652326304.435475111 0 0 0
1652326304.5335898399 0 0 0
1652326304.6333968639 0 0 0
1652326304.7320401669 0 0 0
1652326304.8313217163 0 0 0
1652326304.9301733971 0 0 0
1652326305.0291516781 0 0 0
1652326305.1286029816 0 0 0
1652326305.2269361019 0 0 0
1652326305.337220192 0 0 0
1652326305.4359579086 0 0 0
1652326305.5354864597 0 0 0
1652326305.6341855526 0 0 0
1652326305.7332577705 0 0 0
1652326305.8324139118 0 0 0
1652326305.931126833 0 0 0
1652326306.0302958488 0 0 0
1652326306.1292526722 0 0 0
1652326306.2281210423 0 0 0
1652326306.3269891739 0 0 0
1652326306.4368815422 0 0 0
1652326306.5364873409 0 0 0
1652326306.6355569363 0 0 0
1652326306.7343902588 0 0 0
1652326306.8333759308 0 0 0
1652326306.9324271679 0 0 0
1652326307.031283617 0 0 0
1652326307.1304659843 0 0 0
1652326307.2291219234 0 0 0
1652326307.3275825977 0 0 0
1652326307.4270308018 0 0 0
1652326307.537566185 0 0 0
1652326307.6360838413 0 0 0
1652326307.7347853184 0 0 0
1652326307.8346095085 0 0 0
1652326307.933398962 0 0 0
1652326308.0322713852 0.2999999999999999889 0 0
1652326308.1307044029 0.59499999999999997335 0 0
1652326308.229850769 0.625 0 0
1652326308.3296289444 0.58999999999999996891 0 0
1652326308.4278998375 0.58499999999999996447 0 0
1652326308.5386154652 0.60499999999999998224 0 0
1652326308.6375834942 0.64000000000000001332 0 0
1652326308.7365279198 0.7249999999999999778 0 0
1652326308.8352994919 0.94999999999999995559 0 0
1652326308.9342415333 1 0 0
1652326309.0333790779 1 0 0
1652326309.1323411465 1 0 0
1652326309.2311971188 1 0 0
1652326309.3301789761 0.82000000000000006217 0 0
1652326309.4290094376 0.68999999999999994671 0 0
1652326309.5287029743 0.68999999999999994671 0 0
1652326309.6270291805 0.74499999999999999556 0 0
1652326309.7372145653 0.75 0 0
1652326309.8361012936 0.75 0 0
1652326309.9355137348 0.88000000000000000444 0 0
1652326310.0343985558 1 0 0
1652326310.1333277225 1 0 0
1652326310.2323596478 0.95500000000000007105 0 0
1652326310.3310976028 0.94500000000000006217 0 0
1652326310.43013978 0.94500000000000006217 0 0
1652326310.5292336941 0.94500000000000006217 0 0
1652326310.6281406879 0.94500000000000006217 0 0
1652326310.7274303436 0.94500000000000006217 0 0
1652326310.8374638557 0.94500000000000006217 0 0
1652326310.9361844063 0.7249999999999999778 0 0
1652326311.0346434116 0.65500000000000002665 0 0
1652326311.134380579 0.65500000000000002665 0 0
1652326311.2332897186 0.65500000000000002665 0 0
1652326311.3322355747 0.65500000000000002665 0 0
1652326311.4307019711 0.65500000000000002665 0 0
1652326311.5301876068 0.76000000000000000888 0 0
1652326311.6290569305 0.89500000000000001776 0 0
1652326311.7280209064 0.89500000000000001776 0 0
1652326311.8270020485 1 0 0
1652326311.9367051125 1 0 0
1652326312.036429882 1 0 0
1652326312.1355364323 1 0 0
1652326312.2344026566 1 0 0
1652326312.333366394 1 0 0
1652326312.4322986603 1 0 0
1652326312.5311150551 1 0 0
1652326312.6300542355 0.92500000000000004441 0 0
1652326312.7290291786 0.81499999999999994671 0 0
1652326312.8287072182 0.81499999999999994671 0 0
1652326312.9278080463 0.81499999999999994671 0 0
1652326313.0374605656 0.81499999999999994671 0 0
1652326313.1363563538 0.81499999999999994671 0 0
1652326313.2355029583 0.81499999999999994671 0 0
1652326313.334269762 0.81499999999999994671 0 0
1652326313.4336149693 0.82499999999999995559 0 0
1652326313.5319955349 0.82499999999999995559 0 0
1652326313.630843401 0.82499999999999995559 0 0
1652326313.7297542095 0.82499999999999995559 0 0
1652326313.8295068741 0.82499999999999995559 0 0
1652326313.9276764393 0.81499999999999994671 0 0
1652326314.0276451111 0.81499999999999994671 0 0
1652326314.137419939 0.81499999999999994671 0 0
1652326314.2362346649 0.81499999999999994671 0 0
1652326314.3351783752 0.82499999999999995559 0 0
1652326314.434037447 0.81499999999999994671 0 0
1652326314.5329239368 0.81499999999999994671 0 0
1652326314.631834507 0.81499999999999994671 0 0
1652326314.7311031818 0.81499999999999994671 0 0
1652326314.8297789097 0.81499999999999994671 0 0
1652326314.9297816753 0.81499999999999994671 0 0
1652326315.0283915997 0.81000000000000005329 0 0
1652326315.126783371 0.69500000000000006217 0 0
1652326315.2373571396 0.67000000000000003997 0 0
1652326315.3363428116 0.67000000000000003997 0 0
1652326315.4350936413 0.67000000000000003997 0 0
1652326315.5343952179 0.67000000000000003997 0 0
1652326315.6331365108 0.67000000000000003997 0 0
1652326315.7319858074 0.80000000000000004441 0 0
1652326315.8307881355 0.81499999999999994671 0 0
1652326315.9298524857 0.875 0 0
1652326316.0288865566 0.86999999999999999556 0 0
1652326316.1286985874 0.86999999999999999556 0 0
1652326316.227602005 1 0 0
1652326316.3374073505 1 0 0
1652326316.4360325336 0.88000000000000000444 0 0
1652326316.5350937843 0.85499999999999998224 0 0
1652326316.6343076229 0.85999999999999987566 0 0
1652326316.7330286503 0.72999999999999998224 0 0
1652326316.8320515156 0.625 0 0
1652326316.9308803082 0.57000000000000006217 0 0
1652326317.0298604965 0.56000000000000005329 0 0
1652326317.1288151741 0.55500000000000004885 0 0
1652326317.2285392284 0.55500000000000004885 0 0
1652326317.3269457817 0.56000000000000005329 0 0
1652326317.4374947548 0.56000000000000005329 0 0
1652326317.5361862183 0.56499999999999994671 0 0
1652326317.635168314 0.56499999999999994671 0 0
1652326317.7347040176 0.56499999999999994671 0 0
1652326317.8332440853 0.57000000000000006217 0 0
1652326317.932299614 0.57000000000000006217 0 0
1652326318.0307855606 0.57000000000000006217 0 0
1652326318.1307270527 0.57000000000000006217 0 0
1652326318.2295534611 0.5999999999999999778 0 0
1652326318.3285346031 0.5999999999999999778 0 0
1652326318.4269719124 0.72999999999999998224 0 0
1652326318.5374572277 0.95500000000000007105 0 0
1652326318.6366598606 1 0 0
1652326318.7352807522 1 0 0
1652326318.8339269161 0.99499999999999999556 0 0
1652326318.9333341122 0.80000000000000004441 0 0
1652326319.0321671963 0.79499999999999992895 0 0
1652326319.1312010288 0.68999999999999994671 0 0
1652326319.2307846546 0.67499999999999993339 0 0
1652326319.3296928406 0.68500000000000005329 0 0
1652326319.4280200005 0.81000000000000005329 0 0
1652326319.5275061131 0.9000000000000000222 0 0
1652326319.6374442577 0.96999999999999997335 0 0
1652326319.7362668514 1 0 0
1652326319.8348491192 0.94500000000000006217 0 0
1652326319.9346253872 0.875 0 0
1652326320.0328614712 0.8350000000000000755 0 0
1652326320.1321671009 0.8350000000000000755 0 0
1652326320.2311024666 0.8350000000000000755 0 0
1652326320.3299577236 0.8350000000000000755 0 0
1652326320.4296936989 0.88000000000000000444 0 0
1652326320.5281572342 0.94500000000000006217 0 0
1652326320.6270813942 0.94500000000000006217 0 0
1652326320.7377128601 0.94500000000000006217 0 0
1652326320.836180687 0.94500000000000006217 0 0
1652326320.9350001812 1 0 0
1652326321.0345475674 1 0 0
1652326321.1330208778 1 0 0
1652326321.2318046093 1 0 0
1652326321.3312623501 1 0 0
1652326321.4302616119 1 0 0
1652326321.5295650959 1 0 0
1652326321.6282320023 1 0 0
1652326321.7273070812 1 0 0
1652326321.837659359 1 0 0
1652326321.9363462925 1 0 0
1652326322.0353565216 1 0 0
1652326322.1340067387 0.97999999999999998224 0 0
1652326322.2333934307 0.96999999999999997335 0 0
1652326322.3322579861 0.96999999999999997335 0 0
1652326322.4308822155 0.73499999999999998668 0 0
1652326322.5301482677 0.61499999999999999112 0 0
1652326322.6292271614 0.61499999999999999112 0 0
1652326322.7279622555 0.61499999999999999112 0 0
1652326322.8274960518 0.61499999999999999112 0 0
1652326322.9373221397 0.61499999999999999112 0 0
1652326323.0366926193 0.61499999999999999112 0 0
1652326323.135048151 0.60999999999999998668 0 0
1652326323.2340819836 0.60999999999999998668 0 0
1652326323.3329699039 0.60499999999999998224 0 0
1652326323.4319512844 0.60499999999999998224 0 0
1652326323.5310444832 0.60999999999999998668 0 0
1652326323.6299476624 0.60499999999999998224 0 0
1652326323.7288870811 0.60499999999999998224 0 0
1652326323.8288602829 0.60499999999999998224 0 0
1652326323.9277873039 0.60499999999999998224 0 0
1652326324.0372927189 0.57000000000000006217 0 0
1652326324.1362168789 0.55000000000000004441 0 0
1652326324.2355203629 0.4749999999999999778 0 0
1652326324.3339402676 0.35999999999999998668 0 0
1652326324.4330890179 0.375 0 0
1652326324.5318830013 0.375 0 0
1652326324.6308569908 0.375 0 0
1652326324.7307183743 0.30499999999999999334 0 0
1652326324.8295333385 0.30499999999999999334 0 0
1652326324.9287486076 0.46000000000000001998 0 0
1652326325.0274896622 0.57000000000000006217 0 0
1652326325.1372225285 0.56499999999999994671 0 0
1652326325.2362630367 0.57000000000000006217 0 0
1652326325.3353996277 0.69999999999999995559 0 0
1652326325.43440938 0.875 0 0
1652326325.5332727432 0.67999999999999993783 0 0
1652326325.6319224834 0.56499999999999994671 0 0
1652326325.7312033176 0.57000000000000006217 0 0
1652326325.8308982849 0.61999999999999999556 0 0
1652326325.9295783043 0.47999999999999998224 0 0
1652326326.0286483765 0.3499999999999999778 0 0
1652326326.1276285648 0.48499999999999998668 0 0
1652326326.2374567986 0.61999999999999999556 0 0
1652326326.336404562 0.58499999999999996447 0 0
1652326326.434987545 0.7249999999999999778 0 0
1652326326.5340480804 0.94500000000000006217 0 0
1652326326.6331834793 0.78499999999999992006 0 0
1652326326.7325341702 0.76000000000000000888 0 0
1652326326.8310449123 0.68999999999999994671 0 0
1652326326.9306313992 0.625 0 0
1652326327.0298485756 0.61999999999999999556 0 0
1652326327.128610611 0.73999999999999999112 0 0
1652326327.2274806499 0.97499999999999986677 0 0
1652326327.3370714188 1 0 0
1652326327.4363424778 0.98499999999999998668 0 0
1652326327.5352334976 0.96999999999999997335 0 0
1652326327.6339900494 0.73499999999999998668 0 0
1652326327.7328693867 0.67000000000000003997 0 0
1652326327.8319730759 0.8499999999999999778 0 0
1652326327.930948019 1 0 0
1652326328.0308690071 1 0 0
1652326328.1297318935 1 0 0
1652326328.2286510468 1 0 0
1652326328.3270487785 0.92999999999999993783 0 0
1652326328.437166214 0.92999999999999993783 0 0
1652326328.5360307693 0.96999999999999997335 0 0
1652326328.6353714466 1 0 0
1652326328.7342989445 1 0 0
1652326328.8331158161 0.88000000000000000444 0 0
1652326328.9328837395 0.85999999999999987566 0 0
1652326329.0316708088 0.92999999999999993783 0 0
1652326329.1307311058 1 0 0
1652326329.2296881676 1 0 0
1652326329.3288695812 1 0 0
1652326329.4274959564 0.95999999999999996447 0 0
1652326329.5373411179 0.95500000000000007105 0 0
1652326329.6363902092 0.90999999999999992006 0 0
1652326329.7349553108 0.89000000000000001332 0 0
1652326329.8346755505 0.89000000000000001332 0 0
1652326329.9330976009 0.89500000000000001776 0 0
1652326330.0320851803 0.92999999999999993783 0 0
1652326330.1319429874 0.92999999999999993783 0 0
1652326330.2306969166 0.92999999999999993783 0 0
1652326330.3298430443 0.92999999999999993783 0 0
1652326330.428293705 1 0 0
1652326330.5274016857 0.93999999999999994671 0 0
1652326330.6374456882 0.71999999999999997335 0 0
1652326330.7361633778 0.56000000000000005329 0 0
1652326330.8353950977 0.44500000000000000666 0 0
1652326330.9339683056 0.29000000000000003553 0 0
1652326331.0330972672 0 0 0
1652326331.1429681778 0 0 0
1652326331.2420399189 0 0 0
1652326331.3307027817 0 0 0
1652326331.429643631 0 0 0
1652326331.5286579132 -0.094999999999999973355 0 0
1652326331.6270444393 -0.2750000000000000222 0 0
1652326331.7371251583 -0.3499999999999999778 0 0
1652326331.8362591267 -0.48499999999999998668 0 0
1652326331.9350941181 -0.5 0 0
1652326332.0341496468 -0.38500000000000000888 0 0
1652326332.1339533329 -0.16499999999999998002 0 0
1652326332.2319862843 0.13000000000000000444 0 0
1652326332.3318114281 0.4249999999999999889 0 0
1652326332.4309203625 0.72999999999999998224 0 0
1652326332.5298027992 0.78499999999999992006 0 0
1652326332.6286671162 0.67500000000000004441 0 0
1652326332.7275567055 0.86499999999999999112 0 0
1652326332.8373811245 0.85499999999999998224 0 0
1652326332.9361116886 0.67000000000000003997 0 0
1652326333.034963131 0.57999999999999996003 0 0
1652326333.1339726448 0.58499999999999996447 0 0
1652326333.2330515385 0.57000000000000006217 0 0
1652326333.3322796822 0.57000000000000006217 0 0
1652326333.4318742752 0.69999999999999995559 0 0
1652326333.5308680534 0.9000000000000000222 0 0
1652326333.6297230721 0.69999999999999995559 0 0
1652326333.7284862995 0.57999999999999996003 0 0
1652326333.8275790215 0.57499999999999995559 0 0
1652326333.9371786118 0.57000000000000006217 0 0
1652326334.0365498066 0.57000000000000006217 0 0
1652326334.1349301338 0.57000000000000006217 0 0
1652326334.234023571 0.69999999999999995559 0 0
1652326334.3329951763 0.9000000000000000222 0 0
1652326334.4319784641 1 0 0
1652326334.5319859982 0.94500000000000006217 0 0
1652326334.6309409142 0.95500000000000007105 0 0
1652326334.7296164036 0.95500000000000007105 0 0
1652326334.828482151 0.95999999999999996447 0 0
1652326334.927451849 0.95500000000000007105 0 0
1652326335.0370755196 0.95999999999999996447 0 0
1652326335.1362156868 0.95999999999999996447 0 0
1652326335.2354538441 0.95500000000000007105 0 0
1652326335.3341460228 0.95999999999999996447 0 0
1652326335.4340131283 0.96999999999999997335 0 0
1652326335.5329356194 0.96999999999999997335 0 0
1652326335.6319224834 0.96999999999999997335 0 0
1652326335.7308139801 0.96999999999999997335 0 0
1652326335.8295953274 0.96999999999999997335 0 0
1652326335.9287295341 0.96999999999999997335 0 0
1652326336.0278453827 1 0 0
1652326336.1375145912 1 0 0
1652326336.2362642288 1 0 0
1652326336.3351988792 1 0 0
1652326336.4350118637 1 0 0
1652326336.5339660645 1 0 0
1652326336.6324660778 1 0 0
1652326336.7311074734 0.875 0 0
1652326336.8307249546 0.875 0 0
1652326336.9298062325 0.92999999999999993783 0 0
1652326337.0286562443 1 0 0
1652326337.1275990009 1 0 0
1652326337.2373123169 1 0 0
1652326337.3361580372 1 0 0
1652326337.435082674 1 0 0
1652326337.534989357 1 0 0
1652326337.6332912445 1 0 0
1652326337.7330191135 1 0 0
1652326337.832041502 1 0 0
1652326337.9308764935 0.93999999999999994671 0 0
1652326338.029569149 0.93999999999999994671 0 0
1652326338.1285684109 0.78000000000000002665 0 0
1652326338.2275402546 0.625 0 0
1652326338.3370316029 0.57000000000000006217 0 0
1652326338.4362456799 0.57000000000000006217 0 0
1652326338.5356240273 0.57000000000000006217 0 0
1652326338.633980751 0.57000000000000006217 0 0
1652326338.7331776619 0.53000000000000002665 0 0
1652326338.8323144913 0.44000000000000000222 0 0
1652326338.9319534302 0.2750000000000000222 0 0
1652326339.0308816433 0 0 0
1652326339.1296577454 0 0 0
1652326339.2286753654 0 0 0
1652326339.3276147842 0 0 0
1652326339.4373452663 0 0 0
1652326339.5363638401 0 0 0
1652326339.6351311207 0 0 0
1652326339.7343509197 -0.005000000000000059952 0 0
1652326339.8339803219 -0.26000000000000000888 0 0
1652326339.9329042435 -0.32999999999999996003 0 0
1652326340.031835556 -0.4749999999999999778 0 0
1652326340.1309306622 -0.56499999999999994671 0 0
1652326340.2296760082 -0.57000000000000006217 0 0
1652326340.3285577297 -0.57000000000000006217 0 0
1652326340.4276893139 -0.47999999999999998224 0 0
1652326340.5377292633 -0.3499999999999999778 0 0
1652326340.6363155842 -0.099999999999999922284 0 0
1652326340.7354223728 0.2000000000000000111 0 0
1652326340.8343389034 0.49499999999999999556 0 0
1652326340.9330339432 0.6500000000000000222 0 0
1652326341.0320293903 0.9000000000000000222 0 0
1652326341.131772995 0.86499999999999999112 0 0
1652326341.2308039665 0.86499999999999999112 0 0
1652326341.3297798634 0.95999999999999996447 0 0
1652326341.4286093712 1 0 0
1652326341.528036356 1 0 0
1652326341.637346983 0.94500000000000006217 0 0
1652326341.7363352776 0.93999999999999994671 0 0
1652326341.8352668285 1 0 0
1652326341.9343481064 1 0 0
1652326342.0355563164 1 0 0
1652326342.1356785297 1 0 0
1652326342.2319433689 0.89500000000000001776 0 0
1652326342.3308422565 0.78000000000000002665 0 0
1652326342.4298512936 0.78000000000000002665 0 0
1652326342.5286829472 0.78000000000000002665 0 0
1652326342.627692461 0.70499999999999996003 0 0
1652326342.7380468845 0.7249999999999999778 0 0
1652326342.8367071152 0.90999999999999992006 0 0
1652326342.9353432655 0.92500000000000004441 0 0
1652326343.0350606441 0.92500000000000004441 0 0
1652326343.1340324879 0.97999999999999998224 0 0
1652326343.2326526642 1 0 0
1652326343.3313715458 1 0 0
1652326343.430213213 0.88000000000000000444 0 0
1652326343.5290255547 0.88000000000000000444 0 0
1652326343.6287353039 1 0 0
1652326343.7270896435 1 0 0
1652326343.8376543522 1 0 0
1652326343.9365487099 1 0 0
1652326344.0353779793 1 0 0
1652326344.1344676018 1 0 0
1652326344.2331879139 1 0 0
1652326344.3323113918 1 0 0
1652326344.4315023422 1 0 0
1652326344.5308277607 1 0 0
1652326344.6295087337 1 0 0
1652326344.728682518 1 0 0
1652326344.8279805183 1 0 0
1652326344.9372770786 1 0 0
1652326345.0371861458 1 0 0
1652326345.1354892254 0.9000000000000000222 0 0
1652326345.234623909 0.72999999999999998224 0 0
1652326345.3340597153 0.67000000000000003997 0 0
1652326345.4327671528 0.6500000000000000222 0 0
1652326345.5317709446 0.6500000000000000222 0 0
1652326345.6309401989 0.6500000000000000222 0 0
1652326345.7293541431 0.6500000000000000222 0 0
1652326345.8286905289 0.61499999999999999112 0 0
1652326345.9275801182 0.60499999999999998224 0 0
1652326346.0373930931 0.5999999999999999778 0 0
1652326346.1362607479 0.5999999999999999778 0 0
1652326346.2351899147 0.64000000000000001332 0 0
1652326346.3348369598 0.73999999999999999112 0 0
1652326346.4339942932 0.74499999999999999556 0 0
1652326346.5330266953 0.67999999999999993783 0 0
1652326346.6320383549 0.64000000000000001332 0 0
1652326346.7307837009 0.61999999999999999556 0 0
1652326346.8298614025 0.58999999999999996891 0 0
1652326346.9286978245 0.57499999999999995559 0 0
1652326347.0277745724 0.57999999999999996003 0 0
1652326347.1372396946 0.57999999999999996003 0 0
1652326347.2363810539 0.625 0 0
1652326347.335214138 0.78000000000000002665 0 0
1652326347.4345240593 1 0 0
1652326347.5333893299 1 0 0
1652326347.6325571537 1 0 0
1652326347.7311944962 0.91500000000000003553 0 0
1652326347.8301696777 0.84499999999999997335 0 0
1652326347.9296166897 0.8350000000000000755 0 0
1652326348.0286636353 0.8350000000000000755 0 0
1652326348.1276123524 0.8350000000000000755 0 0
1652326348.2376148701 0.84499999999999997335 0 0
1652326348.3366305828 0.8350000000000000755 0 0
1652326348.4352757931 0.76000000000000000888 0 0
1652326348.5351171494 0.76000000000000000888 0 0
1652326348.6340081692 0.76000000000000000888 0 0
1652326348.7329473495 0.76000000000000000888 0 0
1652326348.8312687874 0.76000000000000000888 0 0
1652326348.9301683903 0.76000000000000000888 0 0
1652326349.0297093391 0.8350000000000000755 0 0
1652326349.1287019253 0.89500000000000001776 0 0
1652326349.2275407314 0.80000000000000004441 0 0
1652326349.3372163773 0.78499999999999992006 0 0
1652326349.436371088 0.78499999999999992006 0 0
1652326349.5352947712 0.9000000000000000222 0 0
1652326349.6351444721 0.92500000000000004441 0 0
1652326349.7340214252 0.92500000000000004441 0 0
1652326349.8329918385 0.92500000000000004441 0 0
1652326349.9317831993 0.92500000000000004441 0 0
1652326350.0307164192 0.81000000000000005329 0 0
1652326350.1298348904 0.81000000000000005329 0 0
1652326350.2286310196 0.78000000000000002665 0 0
1652326350.327527523 0.78499999999999992006 0 0
1652326350.4372091293 0.78000000000000002665 0 0
1652326350.5361332893 0.78499999999999992006 0 0
1652326350.6363608837 0.78000000000000002665 0 0
1652326350.7351696491 0.82499999999999995559 0 0
1652326350.8340592384 0.98499999999999998668 0 0
1652326350.9328861237 1 0 0
1652326351.0319492817 1 0 0
1652326351.130879879 1 0 0
1652326351.2299590111 1 0 0
1652326351.3284635544 1 0 0
1652326351.4275825024 0.95999999999999996447 0 0
1652326351.5373940468 0.95999999999999996447 0 0
1652326351.6362304688 0.95999999999999996447 0 0
1652326351.7361626625 0.95999999999999996447 0 0
1652326351.8351726532 0.95999999999999996447 0 0
1652326351.9342138767 0.95999999999999996447 0 0
1652326352.0324134827 0.95999999999999996447 0 0
1652326352.1313178539 0.95999999999999996447 0 0
1652326352.2308373451 0.95999999999999996447 0 0
1652326352.3295590878 0.92500000000000004441 0 0
1652326352.4285490513 0.8499999999999999778 0 0
1652326352.5279898643 0.8499999999999999778 0 0
1652326352.6375749111 0.85999999999999987566 0 0
1652326352.7372069359 0.86999999999999999556 0 0
1652326352.8356993198 0.85999999999999987566 0 0
1652326352.9351158142 0.85999999999999987566 0 0
1652326353.0340487957 0.85999999999999987566 0 0
1652326353.1330816746 0.85999999999999987566 0 0
1652326353.231928587 0.78499999999999992006 0 0
1652326353.3302001953 0.78000000000000002665 0 0
1652326353.429721117 0.78000000000000002665 0 0
1652326353.5288748741 0.78000000000000002665 0 0
1652326353.6273488998 0.78000000000000002665 0 0
1652326353.7374296188 0.78000000000000002665 0 0
1652326353.8367652893 0.78000000000000002665 0 0
1652326353.9360878468 0.78000000000000002665 0 0
1652326354.034907341 0.78000000000000002665 0 0
1652326354.1340517998 0.78000000000000002665 0 0
1652326354.2330355644 0.78000000000000002665 0 0
1652326354.3312559128 0.94500000000000006217 0 0
1652326354.4308013916 1 0 0
1652326354.5301847458 0.94500000000000006217 0 0
1652326354.6291143894 0.94500000000000006217 0 0
1652326354.7280173302 0.94500000000000006217 0 0
1652326354.8377540112 0.94500000000000006217 0 0
1652326354.9364774227 0.94500000000000006217 0 0
1652326355.036244154 0.91500000000000003553 0 0
1652326355.1350855827 0.83000000000000007105 0 0
1652326355.2340567112 0.83000000000000007105 0 0
1652326355.3328390121 0.85999999999999987566 0 0
1652326355.431368351 0.9000000000000000222 0 0
1652326355.5311601162 0.9000000000000000222 0 0
1652326355.6301813126 0.92999999999999993783 0 0
1652326355.7283968925 0.92999999999999993783 0 0
1652326355.8275902271 0.92999999999999993783 0 0
1652326355.9376974106 0.90999999999999992006 0 0
1652326356.0366504192 0.88000000000000000444 0 0
1652326356.1355178356 0.88000000000000000444 0 0
1652326356.2346053123 0.85499999999999998224 0 0
1652326356.3334424496 0.85999999999999987566 0 0
1652326356.4329278469 0.89500000000000001776 0 0
1652326356.5320055485 0.9000000000000000222 0 0
1652326356.6309444904 0.89500000000000001776 0 0
1652326356.7298760414 0.85499999999999998224 0 0
1652326356.8286185265 0.85999999999999987566 0 0
1652326356.9276316166 0.85499999999999998224 0 0
1652326357.0377018452 0.85999999999999987566 0 0
1652326357.136351347 0.85999999999999987566 0 0
1652326357.2356071472 0.85999999999999987566 0 0
1652326357.3346037865 0.85999999999999987566 0 0
1652326357.4337890148 0.85999999999999987566 0 0
1652326357.5328145027 0.85999999999999987566 0 0
1652326357.6323046684 0.85999999999999987566 0 0
1652326357.7306060791 0.85999999999999987566 0 0
1652326357.8298375607 0.85999999999999987566 0 0
1652326357.9286036491 0.85999999999999987566 0 0
1652326358.0280330181 0.85999999999999987566 0 0
1652326358.1377584934 0.8350000000000000755 0 0
1652326358.2367086411 0.8350000000000000755 0 0
1652326358.3356256485 0.8350000000000000755 0 0
1652326358.4352419376 0.84499999999999997335 0 0
1652326358.533321619 0.84499999999999997335 0 0
1652326358.6322374344 0.81499999999999994671 0 0
1652326358.7318065166 0.81499999999999994671 0 0
1652326358.8303163052 0.81499999999999994671 0 0
1652326358.9297068119 0.81499999999999994671 0 0
1652326359.0290672779 0.81499999999999994671 0 0
1652326359.1277441978 0.8350000000000000755 0 0
1652326359.2375891209 0.85999999999999987566 0 0
1652326359.3364923 0.86999999999999999556 0 0
1652326359.4355404377 0.85999999999999987566 0 0
1652326359.5344519615 0.86999999999999999556 0 0
1652326359.6333613396 0.86999999999999999556 0 0
1652326359.7329170704 0.86999999999999999556 0 0
1652326359.8317911625 0.86999999999999999556 0 0
1652326359.9311418533 0.86999999999999999556 0 0
1652326360.030094862 0.85999999999999987566 0 0
1652326360.1291744709 0.78000000000000002665 0 0
1652326360.2278392315 0.78000000000000002665 0 0
1652326360.3374567032 0.70999999999999996447 0 0
1652326360.4363744259 0.67500000000000004441 0 0
1652326360.5353479385 0.61999999999999999556 0 0
1652326360.6343865395 0.61999999999999999556 0 0
1652326360.7332818508 0.61999999999999999556 0 0
1652326360.8322994709 0.61999999999999999556 0 0
1652326360.9313530922 0.61999999999999999556 0 0
1652326361.0306856632 0.61999999999999999556 0 0
1652326361.1299300194 0.61999999999999999556 0 0
1652326361.2282807827 0.61999999999999999556 0 0
1652326361.3279829025 0.61999999999999999556 0 0
1652326361.4377233982 0.61999999999999999556 0 0
1652326361.5370678902 0.61999999999999999556 0 0
1652326361.6354067326 0.66000000000000003109 0 0
1652326361.7350828648 0.69500000000000006217 0 0
1652326361.8340396881 0.39000000000000001332 0 0
1652326361.9324212074 0.089999999999999982792 0 0
1652326362.0313136578 0 0 0
1652326362.1309041977 0 0 0
1652326362.2300796509 0 0 0
1652326362.3290429115 0 0 0
1652326362.4279558659 0 0 0
1652326362.5376102924 0 0 0
1652326362.6364428997 0 0 0
1652326362.7356054783 0 0 0
1652326362.8344569206 0 0 0
1652326362.9343497753 0 0 0
1652326363.0332829952 0 0 0
1652326363.1323876381 0 0 0
1652326363.231194973 0 0 0
1652326363.3302586079 0 0 0
1652326363.4291880131 0 0 0
1652326363.5279397964 0 0 0
1652326363.6375091076 0 0 0
1652326363.7364015579 0 0 0
1652326363.8352928162 0 0 0
1652326363.9345450401 0 0 0
1652326364.0333764553 0 0 0
1652326364.132335186 0 0 0
1652326364.231359005 0 0 0
1652326364.3303787708 0 0 0
1652326364.4301404953 0 0 0
1652326364.5291497707 0 0 0
1652326364.6279811859 0 0 0
1652326364.7375144958 0 0 0
1652326364.8371970654 0 0 0
