1652323883.6630189419 0 0 0
1652323883.6730208397 0 0 0
1652323883.6830186844 0 0 0
1652323883.6930189133 0 0 0
1652323883.7030212879 0 0 0
1652323883.7130196095 0 0 0
1652323883.7230200768 0 0 0
1652323883.7330224514 0 0 0
1652323883.7430207729 0 0 0
1652323883.7530212402 0 0 0
1652323883.7630298138 0 0 0
1652323883.7730283737 0 0 0
1652323883.7830283642 0 0 0
1652323883.7930307388 0 0 0
1652323883.8030285835 0 0 0
1652323883.8130283356 0 0 0
1652323883.8230302334 0 0 0
1652323883.830780983 0 0 0
1652323883.8430280685 0 0 0
1652323883.8530299664 0 0 0
1652323883.8630282879 0 0 0
1652323883.8760254383 0 0 0
1652323883.8860242367 0 0 0
1652323883.8960251808 0 0 0
1652323883.9060220718 0 0 0
1652323883.9160215855 0 0 0
1652323883.9260230064 0 0 0
1652323883.9296996593 0 0 0
1652323883.9360201359 0 0 0
1652323883.9460196495 0 0 0
1652323883.9560210705 0 0 0
1652323883.9660303593 0 0 0
1652323883.9760293961 0 0 0
1652323883.986030817 0 0 0
1652323883.9960279465 0 0 0
1652323884.0060267448 0 0 0
1652323884.016027689 0 0 0
1652323884.0260248184 0 0 0
1652323884.0285372734 0 0 0
1652323884.0360238552 0 0 0
1652323884.0460247993 0 0 0
1652323884.0560216904 0 0 0
1652323884.0660214424 0 0 0
1652323884.0760223866 0 0 0
1652323884.0860192776 0 0 0
1652323884.0960187912 0 0 0
1652323884.1060202122 0 0 0
1652323884.1160173416 0 0 0
1652323884.1260168552 0 0 0
1652323884.1276245117 0 0 0
1652323884.1360182762 0 0 0
1652323884.1460154057 0 0 0
1652323884.1560149193 0 0 0
1652323884.1660161018 0 0 0
1652323884.1760127544 0 0 0
1652323884.1860177517 0 0 0
1652323884.1960186958 0 0 0
1652323884.2060158253 0 0 0
1652323884.2160151005 0 0 0
1652323884.226016283 0 0 0
1652323884.2360134125 0 0 0
1652323884.2372772694 0 0 0
1652323884.2460126877 0 0 0
1652323884.2560141087 0 0 0
1652323884.2660117149 0 0 0
1652323884.2760107517 0 0 0
1652323884.2860121727 0 0 0
1652323884.2960095406 0 0 0
1652323884.3060088158 0 0 0
1652323884.3160102367 0 0 0
1652323884.326007843 0 0 0
1652323884.3360068798 0 0 0
1652323884.3360776901 0 0 0
1652323884.3460080624 0 0 0
1652323884.3560051918 0 0 0
1652323884.3660047054 0 0 0
1652323884.3760056496 0 0 0
1652323884.386002779 0 0 0
1652323884.3960020542 0 0 0
1652323884.4060094357 0 0 0
1652323884.4160063267 0 0 0
1652323884.4260058403 0 0 0
1652323884.4355201721 0 0 0
1652323884.4360072613 0 0 0
1652323884.4460043907 0 0 0
1652323884.4560039043 0 0 0
1652323884.4660053253 0 0 0
1652323884.4760024548 0 0 0
1652323884.4860019684 0 0 0
1652323884.4960031509 0 0 0
1652323884.5059998035 0 0 0
1652323884.5159990788 0 0 0
1652323884.5260000229 0 0 0
1652323884.5359971523 0 0 0
1652323884.5347113609 0 0 0
1652323884.5459964275 0 0 0
1652323884.5559978485 0 0 0
1652323884.5659954548 0 0 0
1652323884.57599473 0 0 0
1652323884.585996151 0 0 0
1652323884.5959932804 0 0 0
1652323884.605992794 0 0 0
1652323884.615994215 0 0 0
1652323884.6259975433 0 0 0
1652323884.6329479218 0 0 0
1652323884.6359968185 0 0 0
1652323884.6459982395 0 0 0
1652323884.6559958458 0 0 0
1652323884.6659953594 0 0 0
1652323884.6759960651 0 0 0
1652323884.6859931946 0 0 0
1652323884.6959924698 0 0 0
1652323884.7059936523 0 0 0
1652323884.7159907818 0 0 0
1652323884.725990057 0 0 0
1652323884.7317771912 0 0 0
1652323884.735991478 0 0 0
1652323884.7459888458 0 0 0
1652323884.755988121 0 0 0
1652323884.765989542 0 0 0
1652323884.7759869099 0 0 0
1652323884.7879900932 0 0 0
1652323884.79798913 0 0 0
1652323884.807990551 0 0 0
1652323884.8179938793 0 0 0
1652323884.8279933929 0 0 0
1652323884.8308293819 0 0 0
1652323884.838000536 0 0 0
1652323884.8480036259 0 0 0
1652323884.8580024242 0 0 0
1652323884.8680033684 0 0 0
1652323884.8780062199 0 0 0
1652323884.8880050182 0 0 0
1652323884.8980059624 0 0 0
1652323884.9080090523 0 0 0
1652323884.9180080891 0 0 0
1652323884.9280092716 0 0 0
1652323884.9308173656 0 0 0
1652323884.9380121231 0 0 0
1652323884.9480111599 0 0 0
1652323884.9580125809 0 0 0
1652323884.9680161476 0 0 0
1652323884.9780154228 0 0 0
1652323884.9880168438 0 0 0
1652323884.9980201721 0 0 0
1652323885.0080189705 0 0 0
1652323885.0180199146 0 0 0
1652323885.0296533108 0 0 0
1652323885.0280227661 0 0 0
1652323885.0380215645 0 0 0
1652323885.048022747 0 0 0
1652323885.0580320358 0 0 0
1652323885.0680315495 0 0 0
1652323885.0780324936 0 0 0
1652323885.0880353451 0 0 0
1652323885.0980343819 0 0 0
1652323885.1080358028 0 0 0
1652323885.1180393696 0 0 0
1652323885.1280386448 0 0 0
1652323885.1288137436 0 0 0
1652323885.1380400658 0 0 0
1652323885.1480431557 0 0 0
1652323885.1580421925 0 0 0
1652323885.1680428982 0 0 0
1652323885.1780459881 0 0 0
1652323885.1880447865 0 0 0
1652323885.1980457306 0 0 0
1652323885.2080485821 0 0 0
1652323885.2180478573 0 0 0
1652323885.227782011 0 0 0
1652323885.2280490398 0 0 0
1652323885.2380523682 0 0 0
1652323885.248051405 0 0 0
1652323885.2580528259 0 0 0
1652323885.2680563927 0 0 0
1652323885.2780556679 0 0 0
1652323885.2880570889 0 0 0
1652323885.2980601788 0 0 0
1652323885.3080592155 0 0 0
1652323885.3180599213 0 0 0
1652323885.3280630112 0 0 0
1652323885.3380618095 0 0 0
1652323885.3376379013 0 0 0
1652323885.3480627537 0 0 0
1652323885.3580656052 0 0 0
1652323885.3680644035 0 0 0
1652323885.3780653477 0 0 0
1652323885.3880684376 0 0 0
1652323885.3980674744 0 0 0
1652323885.4080686569 0 0 0
1652323885.4180715084 0 0 0
1652323885.4280705452 0 0 0
1652323885.4358625412 0 0 0
1652323885.4380719662 0 0 0
1652323885.4480750561 0 0 0
1652323885.4580740929 0 0 0
1652323885.468075037 0 0 0
1652323885.478083849 0 0 0
1652323885.4880831242 0 0 0
1652323885.4980843067 0 0 0
1652323885.5080873966 0 0 0
1652323885.518086195 0 0 0
1652323885.5280871391 0 0 0
1652323885.5355701447 0 0 0
1652323885.5380899906 0 0 0
1652323885.5480890274 0 0 0
1652323885.55809021 0 0 0
1652323885.5680935383 0 0 0
1652323885.5780928135 0 0 0
1652323885.5880942345 0 0 0
1652323885.5980973244 0 0 0
1652323885.6080963612 0 0 0
1652323885.6180970669 0 0 0
1652323885.6281001568 0 0 0
1652323885.6342098713 0 0 0
1652323885.6380989552 0 0 0
1652323885.6480998993 0 0 0
1652323885.6581027508 0 0 0
1652323885.6681017876 0 0 0
1652323885.6781029701 0 0 0
1652323885.68810606 0 0 0
1652323885.6981110573 0 0 0
1652323885.7081122398 0 0 0
1652323885.720113039 0 0 0
1652323885.7301161289 0 0 0
1652323885.7333695889 0 0 0
1652323885.7401151657 0 0 0
1652323885.7501163483 0 0 0
1652323885.7601191998 0 0 0
1652323885.7701182365 0 0 0
1652323885.7801189423 0 0 0
1652323885.7901220322 0 0 0
1652323885.8001208305 0 0 0
1652323885.8101217747 0 0 0
1652323885.8201246262 0 0 0
1652323885.8301236629 0 0 0
1652323885.8319761753 0 0 0
1652323885.8401248455 0 0 0
1652323885.8501279354 0 0 0
1652323885.8601267338 0 0 0
1652323885.8701276779 0 0 0
1652323885.8801307678 0 0 0
1652323885.8901298046 0 0 0
1652323885.9001307487 0 0 0
1652323885.9101397991 0 0 0
1652323885.9201388359 0 0 0
1652323885.9301393032 0 0 0
1652323885.9312856197 0 0 0
1652323885.9401423931 0 0 0
1652323885.9501414299 0 0 0
1652323885.960142374 0 0 0
1652323885.9701449871 0 0 0
1652323885.9801440239 0 0 0
1652323885.990144968 0 0 0
1652323886.0001480579 0 0 0
1652323886.0101468563 0 0 0
1652323886.0201478004 0 0 0
1652323886.0302333832 0 0 0
1652323886.0301506519 0 0 0
1652323886.0401494503 0 0 0
1652323886.0501503944 0 0 0
1652323886.0601532459 0 0 0
1652323886.0701520443 0 0 0
1652323886.0801529884 0 0 0
1652323886.0901558399 0 0 0
1652323886.1001548767 0 0 0
1652323886.1101558208 0 0 0
1652323886.1201586723 0 0 0
1652323886.1287851334 0 0 0
1652323886.1301634312 0 0 0
1652323886.1401646137 0 0 0
1652323886.1501674652 0 0 0
1652323886.160166502 0 0 0
1652323886.1701672077 0 0 0
1652323886.1801702976 0 0 0
1652323886.190169096 0 0 0
1652323886.2001700401 0 0 0
1652323886.2101728916 0 0 0
1652323886.2201714516 0 0 0
1652323886.2279479504 0 0 0
1652323886.2301723957 0 0 0
1652323886.2401752472 0 0 0
1652323886.2501745224 0 0 0
1652323886.2601754665 0 0 0
1652323886.270178318 0 0 0
1652323886.2801771164 0 0 0
1652323886.2901780605 0 0 0
1652323886.300180912 0 0 0
1652323886.3101799488 0 0 0
1652323886.3201806545 0 0 0
1652323886.3272268772 0 0 0
1652323886.3301837444 0 0 0
1652323886.3401825428 0 0 0
1652323886.3501896858 0 0 0
1652323886.3601925373 0 0 0
1652323886.3701913357 0 0 0
1652323886.3801920414 0 0 0
1652323886.3901948929 0 0 0
1652323886.4001939297 0 0 0
1652323886.4101948738 0 0 0
1652323886.4201979637 0 0 0
1652323886.4301967621 0 0 0
1652323886.4371657372 0 0 0
1652323886.4401977062 0 0 0
1652323886.4502005577 0 0 0
1652323886.4601993561 0 0 0
1652323886.4702003002 0 0 0
1652323886.4802031517 0 0 0
1652323886.4902021885 0 0 0
1652323886.5002028942 0 0 0
1652323886.5102059841 0 0 0
1652323886.5202045441 0 0 0
1652323886.5302054882 0 0 0
1652323886.536689043 0 0 0
1652323886.5402083397 0 0 0
1652323886.5502071381 0 0 0
1652323886.5602083206 0 0 0
1652323886.5702111721 0 0 0
1652323886.5802102089 0 0 0
1652323886.590211153 0 0 0
1652323886.6002137661 0 0 0
1652323886.6102128029 0 0 0
1652323886.620213747 0 0 0
1652323886.6332137585 0 0 0
1652323886.6355721951 0 0 0
1652323886.6432156563 0 0 0
1652323886.6532137394 0 0 0
1652323886.6632137299 0 0 0
1652323886.6732161045 0 0 0
1652323886.6832137108 0 0 0
1652323886.6932137012 0 0 0
1652323886.7032155991 0 0 0
1652323886.7132132053 0 0 0
1652323886.7232129574 0 0 0
1652323886.734457016 0 0 0
1652323886.7332150936 0 0 0
1652323886.7432129383 0 0 0
1652323886.7532126904 0 0 0
1652323886.763220787 0 0 0
1652323886.7732188702 0 0 0
1652323886.7832186222 0 0 0
1652323886.79322052 0 0 0
1652323886.8032183647 0 0 0
1652323886.8132183552 0 0 0
1652323886.823220253 0 0 0
1652323886.8332180977 0 0 0
1652323886.8336696625 0 0 0
1652323886.8432178497 0 0 0
1652323886.8532197475 0 0 0
1652323886.8632178307 0 0 0
1652323886.8732178211 0 0 0
1652323886.8832197189 0 0 0
1652323886.8932175636 0 0 0
1652323886.9032173157 0 0 0
1652323886.9132192135 0 0 0
1652323886.9232172966 0 0 0
1652323886.9322061539 0 0 0
1652323886.9332170486 0 0 0
1652323886.9432189465 0 0 0
1652323886.9532170296 0 0 0
1652323886.9632172585 0 0 0
1652323886.9732191563 0 0 0
1652323886.9832229614 0 0 0
1652323886.9932231903 0 0 0
1652323887.0032250881 0 0 0
1652323887.0132229328 0 0 0
1652323887.0232229233 0 0 0
1652323887.0311553478 0 0 0
1652323887.0332250595 0 0 0
1652323887.0432226658 0 0 0
1652323887.0532226562 0 0 0
1652323887.0632247925 0 0 0
1652323887.0732226372 0 0 0
1652323887.0832223892 0 0 0
1652323887.093224287 0 0 0
1652323887.1032223701 0 0 0
1652323887.1132221222 0 0 0
1652323887.12322402 0 0 0
1652323887.1307189465 0 0 0
1652323887.1432218552 0 0 0
1652323887.153223753 0 0 0
1652323887.1632218361 0 0 0
1652323887.1732218266 0 0 0
1652323887.1832237244 0 0 0
1652323887.1932213306 0 0 0
1652323887.2032270432 0 0 0
1652323887.2132287025 0 0 0
1652323887.2232267857 0 0 0
1652323887.228946209 0 0 0
1652323887.2332267761 0 0 0
1652323887.2432284355 0 0 0
1652323887.2532265186 0 0 0
1652323887.2632265091 0 0 0
1652323887.2732288837 0 0 0
1652323887.2832267284 0 0 0
1652323887.2932264805 0 0 0
1652323887.3032283783 0 0 0
1652323887.313226223 0 0 0
1652323887.3232262135 0 0 0
1652323887.3279733658 0 0 0
1652323887.3332281113 0 0 0
1652323887.343225956 0 0 0
1652323887.3532254696 0 0 0
1652323887.3632276058 0 0 0
1652323887.3732252121 0 0 0
1652323887.3832252026 0 0 0
1652323887.3932271004 0 0 0
1652323887.4032251835 0 0 0
1652323887.4132246971 0 0 0
1652323887.4271690845 0 0 0
1652323887.4232327938 0 0 0
1652323887.4332311153 0 0 0
1652323887.4432313442 0 0 0
1652323887.453233242 0 0 0
1652323887.4632313251 0 0 0
1652323887.4732313156 0 0 0
1652323887.4832332134 0 0 0
1652323887.4932310581 0 0 0
1652323887.5032308102 0 0 0
1652323887.513232708 0 0 0
1652323887.5232305527 0 0 0
1652323887.5332303047 0 0 0
1652323887.5376923084 0 0 0
1652323887.5432322025 0 0 0
1652323887.5532302856 0 0 0
1652323887.5632305145 0 0 0
1652323887.5732324123 0 0 0
1652323887.5852341652 0 0 0
1652323887.5952322483 0 0 0
1652323887.6052322388 0 0 0
1652323887.6152338982 0 0 0
1652323887.6252319813 0 0 0
1652323887.6365995407 0 0 0
1652323887.6352376938 0 0 0
1652323887.64523983 0 0 0
1652323887.6552376747 0 0 0
1652323887.6652376652 0 0 0
1652323887.6752400398 0 0 0
1652323887.6852376461 0 0 0
1652323887.6952373981 0 0 0
1652323887.705239296 0 0 0
1652323887.7152371407 0 0 0
1652323887.7252368927 0 0 0
1652323887.735506773 0 0 0
1652323887.7352390289 0 0 0
1652323887.7452366352 0 0 0
1652323887.7552366257 0 0 0
1652323887.7652385235 0 0 0
1652323887.7752366066 0 0 0
1652323887.7852365971 0 0 0
1652323887.7952384949 0 0 0
1652323887.8052363396 0 0 0
1652323887.8152360916 0 0 0
1652323887.8252379894 0 0 0
1652323887.8352358341 0 0 0
1652323887.8341498375 0 0 0
1652323887.8452358246 0 0 0
1652323887.8552434444 0 0 0
1652323887.865241766 0 0 0
1652323887.8752417564 0 0 0
1652323887.8852436543 0 0 0
1652323887.8952414989 0 0 0
1652323887.905241251 0 0 0
1652323887.9152431488 0 0 0
1652323887.9252412319 0 0 0
1652323887.9333264828 0 0 0
1652323887.935240984 0 0 0
1652323887.9452431202 0 0 0
1652323887.9552409649 0 0 0
1652323887.9652411938 0 0 0
1652323887.97524333 0 0 0
1652323887.9852411747 0 0 0
1652323887.9952409267 0 0 0
1652323888.0052428246 0 0 0
1652323888.0152404308 0 0 0
1652323888.0252404213 0 0 0
1652323888.0321762562 0 0 0
1652323888.0352423191 0 0 0
1652323888.0452401638 0 0 0
1652323888.0552401543 0 0 0
1652323888.0652418137 0 0 0
1652323888.0752398968 0 0 0
1652323888.0852398872 0 0 0
1652323888.0952415466 0 0 0
1652323888.1052396297 0 0 0
1652323888.1152393818 0 0 0
1652323888.1252412796 0 0 0
1652323888.1312952042 0 0 0
1652323888.1352391243 0 0 0
1652323888.1452391148 0 0 0
1652323888.1552410126 0 0 0
1652323888.1652393341 0 0 0
1652323888.1752388477 0 0 0
1652323888.1852407455 0 0 0
1652323888.1952388287 0 0 0
1652323888.2052385807 0 0 0
1652323888.2152404785 0 0 0
1652323888.2252383232 0 0 0
1652323888.2300913334 0 0 0
1652323888.2352383137 0 0 0
1652323888.2452402115 0 0 0
1652323888.2552380562 0 0 0
1652323888.2652382851 0 0 0
1652323888.2752463818 0 0 0
1652323888.2852444649 0 0 0
1652323888.2952442169 0 0 0
1652323888.3052461147 0 0 0
1652323888.3152439594 0 0 0
1652323888.3252439499 0 0 0
1652323888.3290910721 0 0 0
1652323888.3352456093 0 0 0
1652323888.345243454 0 0 0
1652323888.355243206 0 0 0
1652323888.3652451038 0 0 0
1652323888.375243187 0 0 0
1652323888.385242939 0 0 0
1652323888.3952448368 0 0 0
1652323888.4052429199 0 0 0
1652323888.415242672 0 0 0
1652323888.4252443314 0 0 0
1652323888.4280250072 0 0 0
1652323888.4352424145 0 0 0
1652323888.4452424049 0 0 0
1652323888.4552443027 0 0 0
1652323888.4652423859 0 0 0
1652323888.4752426147 0 0 0
1652323888.4852445126 0 0 0
1652323888.4952480793 0 0 0
1652323888.5052480698 0 0 0
1652323888.5152499676 0 0 0
1652323888.5252478123 0 0 0
1652323888.5273518562 0 0 0
1652323888.5352475643 0 0 0
1652323888.5482466221 0 0 0
1652323888.5582470894 0 0 0
1652323888.5682501793 0 0 0
1652323888.5782489777 0 0 0
1652323888.5882499218 0 0 0
1652323888.5982527733 0 0 0
1652323888.6082515717 0 0 0
1652323888.6182525158 0 0 0
1652323888.6282556057 0 0 0
1652323888.6382546425 0 0 0
1652323888.6374003887 0 0 0
1652323888.6482555866 0 0 0
1652323888.6582584381 0 0 0
1652323888.6682574749 0 0 0
1652323888.6782586575 0 0 0
1652323888.6882612705 0 0 0
1652323888.6982603073 0 0 0
1652323888.7082669735 0 0 0
1652323888.7182695866 0 0 0
1652323888.7282686234 0 0 0
1652323888.7366585732 0 0 0
1652323888.7382693291 0 0 0
1652323888.748272419 0 0 0
1652323888.7582714558 0 0 0
1652323888.7682721615 0 0 0
1652323888.778275013 0 0 0
1652323888.7882742882 0 0 0
1652323888.7982749939 0 0 0
1652323888.8082780838 0 0 0
1652323888.8182780743 0 0 0
1652323888.8282792568 0 0 0
1652323888.8352324963 0 0 0
1652323888.8382818699 0 0 0
1652323888.8482809067 0 0 0
1652323888.8582816124 0 0 0
1652323888.8682847023 0 0 0
1652323888.8782835007 0 0 0
1652323888.8882844448 0 0 0
1652323888.8982872963 0 0 0
1652323888.9082860947 0 0 0
1652323888.9182870388 0 0 0
1652323888.93466115 0 0 0
1652323888.9282960892 0 0 0
1652323888.9382953644 0 0 0
1652323888.9482963085 0 0 0
1652323888.95829916 0 0 0
1652323888.9682979584 0 0 0
1652323888.9782989025 0 0 0
1652323888.9883015156 0 0 0
1652323888.9983003139 0 0 0
1652323889.0083012581 0 0 0
1652323889.018304348 0 0 0
1652323889.0283031464 0 0 0
1652323889.0334239006 0 0 0
1652323889.0383040905 0 0 0
1652323889.048306942 0 0 0
1652323889.0583057404 0 0 0
1652323889.0683066845 0 0 0
1652323889.078309536 0 0 0
1652323889.0883088112 0 0 0
1652323889.0983095169 0 0 0
1652323889.1083123684 0 0 0
1652323889.1183114052 0 0 0
1652323889.1283123493 0 0 0
1652323889.1321547031 0 0 0
1652323889.138314724 0 0 0
1652323889.1483192444 0 0 0
1652323889.1583199501 0 0 0
1652323889.1683228016 0 0 0
1652323889.1783216 0 0 0
1652323889.1883225441 0 0 0
1652323889.1983253956 0 0 0
1652323889.2083244324 0 0 0
1652323889.2183251381 0 0 0
1652323889.228328228 0 0 0
1652323889.2314805984 0 0 0
1652323889.2383270264 0 0 0
1652323889.2483282089 0 0 0
1652323889.2583310604 0 0 0
1652323889.2683300972 0 0 0
1652323889.2783308029 0 0 0
1652323889.2883336544 0 0 0
1652323889.2983324528 0 0 0
1652323889.3083333969 0 0 0
1652323889.3183362484 0 0 0
1652323889.3283350468 0 0 0
1652323889.3302233219 0 0 0
1652323889.3383359909 0 0 0
1652323889.3483388424 0 0 0
1652323889.3583378792 0 0 0
1652323889.3683385849 0 0 0
1652323889.3783416748 0 0 0
1652323889.3883404732 0 0 0
1652323889.3983414173 0 0 0
1652323889.4083442688 0 0 0
1652323889.4183433056 0 0 0
1652323889.4283442497 0 0 0
1652323889.4295983315 0 0 0
1652323889.4383471012 0 0 0
1652323889.4483458996 0 0 0
1652323889.4583468437 0 0 0
1652323889.4713466167 0 0 0
1652323889.4813480377 0 0 0
1652323889.491345644 0 0 0
1652323889.5013456345 0 0 0
1652323889.5113475323 0 0 0
1652323889.521345377 0 0 0
1652323889.5279996395 0 0 0
1652323889.531345129 0 0 0
1652323889.5413470268 0 0 0
1652323889.5513448715 0 0 0
1652323889.561344862 0 0 0
1652323889.5713467598 0 0 0
1652323889.5813448429 0 0 0
1652323889.5913443565 0 0 0
1652323889.6013462543 0 0 0
1652323889.611344099 0 0 0
1652323889.6213443279 0 0 0
1652323889.627215147 0 0 0
1652323889.6313459873 0 0 0
1652323889.641343832 0 0 0
1652323889.6513435841 0 0 0
1652323889.6613454819 0 0 0
1652323889.6693453789 0 0 0
1652323889.6793470383 0 0 0
1652323889.6893508434 0 0 0
1652323889.6993508339 0 0 0
1652323889.7093527317 0 0 0
1652323889.7193567753 0 0 0
1652323889.7293565273 0 0 0
1652323889.7374880314 0 0 0
1652323889.7393584251 0 0 0
1652323889.7493624687 0 0 0
1652323889.7593622208 0 0 0
1652323889.7693638802 0 0 0
1652323889.7793736458 0 0 0
1652323889.7893731594 0 0 0
1652323889.7993750572 0 0 0
1652323889.8093791008 0 0 0
1652323889.8193788528 0 0 0
1652323889.8293807507 0 0 0
1652323889.8363630772 0 0 0
1652323889.8393847942 0 0 0
1652323889.8493850231 0 0 0
1652323889.8593866825 0 0 0
1652323889.8693904877 0 0 0
1652323889.8793904781 0 0 0
1652323889.8893923759 0 0 0
1652323889.8993961811 0 0 0
1652323889.9093954563 0 0 0
1652323889.9193971157 0 0 0
1652323889.9294009209 0 0 0
1652323889.9356100559 0 0 0
1652323889.9394004345 0 0 0
1652323889.9494023323 0 0 0
1652323889.9594061375 0 0 0
1652323889.9694056511 0 0 0
1652323889.9794075489 0 0 0
1652323889.9894115925 0 0 0
1652323889.999417305 0 0 0
1652323890.0094189644 0 0 0
1652323890.019423008 0 0 0
1652323890.02942276 0 0 0
1652323890.0344407558 0 0 0
1652323890.0394244194 0 0 0
1652323890.0494279861 0 0 0
1652323890.0594274998 0 0 0
1652323890.0694291592 0 0 0
1652323890.0794327259 0 0 0
1652323890.0894322395 0 0 0
1652323890.0994338989 0 0 0
1652323890.1094374657 0 0 0
1652323890.1194369793 0 0 0
1652323890.1294388771 0 0 0
1652323890.1333727837 0 0 0
1652323890.1394426823 0 0 0
1652323890.1494421959 0 0 0
1652323890.1594443321 0 0 0
1652323890.1694481373 0 0 0
1652323890.1794481277 0 0 0
1652323890.1894497871 0 0 0
1652323890.1994531155 0 0 0
1652323890.2094526291 0 0 0
1652323890.2194597721 0 0 0
1652323890.2325129509 0 0 0
1652323890.2294635773 0 0 0
1652323890.2394630909 0 0 0
1652323890.2494647503 0 0 0
1652323890.259468317 0 0 0
1652323890.2694678307 0 0 0
1652323890.2794697285 0 0 0
1652323890.289473772 0 0 0
1652323890.2994737625 0 0 0
1652323890.3094756603 0 0 0
1652323890.3194794655 0 0 0
1652323890.3294792175 0 0 0
1652323890.3309249878 0 0 0
1652323890.3394806385 0 0 0
1652323890.3494839668 0 0 0
1652323890.3594834805 0 0 0
1652323890.3694849014 0 0 0
1652323890.3794882298 0 0 0
1652323890.3894879818 0 0 0
1652323890.4014875889 0 0 0
1652323890.4114892483 0 0 0
1652323890.421492815 0 0 0
1652323890.4302346706 0 0 0
1652323890.4314982891 0 0 0
1652323890.4414997101 0 0 0
1652323890.4515030384 0 0 0
1652323890.4615027905 0 0 0
1652323890.4715046883 0 0 0
1652323890.481508255 0 0 0
1652323890.491508007 0 0 0
1652323890.5015096664 0 0 0
1652323890.5115129948 0 0 0
1652323890.5215125084 0 0 0
1652323890.529181242 0 0 0
1652323890.5315139294 0 0 0
1652323890.5415172577 0 0 0
1652323890.5515170097 0 0 0
1652323890.5615186691 0 0 0
1652323890.5715219975 0 0 0
1652323890.5815217495 0 0 0
1652323890.5915234089 0 0 0
1652323890.6015267372 0 0 0
1652323890.6115264893 0 0 0
1652323890.6215281487 0 0 0
1652323890.6281149387 0 0 0
1652323890.631531477 0 0 0
1652323890.641531229 0 0 0
1652323890.6515386105 0 0 0
1652323890.6615424156 0 0 0
1652323890.6715416908 0 0 0
1652323890.6815431118 0 0 0
1652323890.6915466785 0 0 0
1652323890.7015459538 0 0 0
1652323890.7115476131 0 0 0
1652323890.7215514183 0 0 0
1652323890.7272260189 0 0 0
1652323890.7315506935 0 0 0
1652323890.7415521145 0 0 0
1652323890.7515559196 0 0 0
1652323890.7615556717 0 0 0
1652323890.7715575695 0 0 0
1652323890.7815616131 0 0 0
1652323890.7915611267 0 0 0
1652323890.8015625477 0 0 0
1652323890.8115661144 0 0 0
1652323890.8215653896 0 0 0
1652323890.8315668106 0 0 0
1652323890.8370640278 0 0 0
1652323890.8415703773 0 0 0
1652323890.8515696526 0 0 0
1652323890.8615710735 0 0 0
1652323890.8715746403 0 0 0
1652323890.8815739155 0 0 0
1652323890.8915753365 0 0 0
1652323890.9015786648 0 0 0
1652323890.9115784168 0 0 0
1652323890.9215803146 0 0 0
1652323890.9315838814 0 0 0
1652323890.9366714954 0 0 0
1652323890.941583395 0 0 0
1652323890.951584816 0 0 0
1652323890.9615881443 0 0 0
1652323890.9715876579 0 0 0
1652323890.9815890789 0 0 0
1652323890.9915924072 0 0 0
1652323891.0015919209 0 0 0
1652323891.0115931034 0 0 0
1652323891.0215966702 0 0 0
1652323891.0315959454 0 0 0
1652323891.0356049538 0 0 0
1652323891.0415973663 0 0 0
1652323891.0516009331 0 0 0
1652323891.0616004467 0 0 0
1652323891.071608305 0 0 0
1652323891.0816116333 0 0 0
1652323891.0916111469 0 0 0
1652323891.1016125679 0 0 0
1652323891.1116156578 0 0 0
1652323891.1216154099 0 0 0
1652323891.1316168308 0 0 0
1652323891.1343958378 0 0 0
1652323891.1416201591 0 0 0
1652323891.1516196728 0 0 0
1652323891.1616210938 0 0 0
1652323891.1716244221 0 0 0
1652323891.1816236973 0 0 0
1652323891.1916251183 0 0 0
1652323891.201628685 0 0 0
1652323891.2116281986 0 0 0
1652323891.2216300964 0 0 0
1652323891.2329077721 0 0 0
1652323891.2316336632 0 0 0
1652323891.2416331768 0 0 0
1652323891.2516345978 0 0 0
1652323891.2616381645 0 0 0
1652323891.2716374397 0 0 0
1652323891.2816388607 0 0 0
1652323891.2916481495 0 0 0
1652323891.3016479015 0 0 0
1652323891.3116493225 0 0 0
1652323891.3216526508 0 0 0
1652323891.3322503567 0 0 0
1652323891.333656311 0 0 0
1652323891.3436558247 0 0 0
1652323891.3536572456 0 0 0
1652323891.3636610508 0 0 0
1652323891.3736605644 0 0 0
1652323891.3836619854 0 0 0
1652323891.3936655521 0 0 0
1652323891.4036645889 0 0 0
1652323891.4136660099 0 0 0
1652323891.4236695766 0 0 0
1652323891.4313406944 0 0 0
1652323891.4336690903 0 0 0
1652323891.4436705112 0 0 0
1652323891.4536738396 0 0 0
1652323891.4636735916 0 0 0
1652323891.473675251 0 0 0
1652323891.4836788177 0 0 0
1652323891.493678093 0 0 0
1652323891.5036795139 0 0 0
1652323891.5136888027 0 0 0
1652323891.5236887932 0 0 0
1652323891.5301890373 0 0 0
1652323891.5336904526 0 0 0
1652323891.5436935425 0 0 0
1652323891.5536928177 0 0 0
1652323891.5636949539 0 0 0
1652323891.5736982822 0 0 0
1652323891.5836980343 0 0 0
1652323891.5936992168 0 0 0
1652323891.6037025452 0 0 0
1652323891.6137020588 0 0 0
1652323891.6237034798 0 0 0
1652323891.6291778088 0 0 0
1652323891.6337070465 0 0 0
1652323891.6437063217 0 0 0
1652323891.6537077427 0 0 0
1652323891.6637115479 0 0 0
1652323891.6737110615 0 0 0
1652323891.683712244 0 0 0
1652323891.6937158108 0 0 0
1652323891.703715086 0 0 0
1652323891.713716507 0 0 0
1652323891.7281467915 0 0 0
1652323891.7237257957 0 0 0
1652323891.7337248325 0 0 0
1652323891.7437262535 0 0 0
1652323891.7537298203 0 0 0
1652323891.7637295723 0 0 0
1652323891.7737312317 0 0 0
1652323891.7837347984 0 0 0
1652323891.7937340736 0 0 0
1652323891.8037354946 0 0 0
1652323891.8137390614 0 0 0
1652323891.8237383366 0 0 0
1652323891.8272497654 0 0 0
1652323891.8337395191 0 0 0
1652323891.8437430859 0 0 0
1652323891.8537423611 0 0 0
1652323891.8637440205 0 0 0
1652323891.8737471104 0 0 0
1652323891.883746624 0 0 0
1652323891.893748045 0 0 0
1652323891.9037513733 0 0 0
1652323891.9137511253 0 0 0
1652323891.9237525463 0 0 0
1652323891.9369471073 0 0 0
1652323891.9437611103 0 0 0
1652323891.9537627697 0 0 0
1652323891.9637665749 0 0 0
1652323891.9737658501 0 0 0
1652323891.983767271 0 0 0
1652323891.9937708378 0 0 0
1652323892.003770113 0 0 0
1652323892.013771534 0 0 0
1652323892.0237748623 0 0 0
1652323892.0337746143 0 0 0
1652323892.0365486145 0 0 0
1652323892.0437757969 0 0 0
1652323892.0537791252 0 0 0
1652323892.0637791157 0 0 0
1652323892.0737805367 0 0 0
1652323892.0837841034 0 0 0
1652323892.093783617 0 0 0
1652323892.103785038 0 0 0
1652323892.1137883663 0 0 0
1652323892.1237874031 0 0 0
1652323892.1337888241 0 0 0
1652323892.1355633736 0 0 0
1652323892.1437923908 0 0 0
1652323892.153791666 0 0 0
1652323892.1637992859 0 0 0
1652323892.1738028526 0 0 0
1652323892.1838021278 0 0 0
1652323892.1938035488 0 0 0
1652323892.2038068771 0 0 0
1652323892.2138066292 0 0 0
1652323892.2238080502 0 0 0
1652323892.2347261906 0 0 0
1652323892.2338111401 0 0 0
1652323892.2438108921 0 0 0
1652323892.2538123131 0 0 0
1652323892.2648150921 0 0 0
1652323892.2758185863 0 0 0
1652323892.2858178616 0 0 0
1652323892.2958190441 0 0 0
1652323892.305822134 0 0 0
1652323892.3158214092 0 0 0
1652323892.3258228302 0 0 0
1652323892.3333263397 0 0 0
1652323892.3358261585 0 0 0
1652323892.3458254337 0 0 0
1652323892.3558268547 0 0 0
1652323892.3658363819 0 0 0
1652323892.3758354187 0 0 0
1652323892.3858368397 0 0 0
1652323892.395840168 0 0 0
1652323892.40583992 0 0 0
1652323892.4158411026 0 0 0
1652323892.4258444309 0 0 0
1652323892.432268858 0 0 0
1652323892.4358439445 0 0 0
1652323892.4458453655 0 0 0
1652323892.4558484554 0 0 0
1652323892.4658477306 0 0 0
1652323892.4758489132 0 0 0
1652323892.4858524799 0 0 0
1652323892.4958517551 0 0 0
1652323892.5058531761 0 0 0
1652323892.5158567429 0 0 0
1652323892.5258560181 0 0 0
1652323892.5315568447 0 0 0
1652323892.535857439 0 0 0
1652323892.5458610058 0 0 0
1652323892.5558605194 0 0 0
1652323892.5658621788 0 0 0
1652323892.5758655071 0 0 0
1652323892.5858707428 0 0 0
1652323892.5958719254 0 0 0
1652323892.6058754921 0 0 0
1652323892.6158747673 0 0 0
1652323892.6258761883 0 0 0
1652323892.6308634281 0 0 0
1652323892.635879755 0 0 0
1652323892.6458790302 0 0 0
1652323892.6558804512 0 0 0
1652323892.6658840179 0 0 0
1652323892.6758832932 0 0 0
1652323892.6858847141 0 0 0
1652323892.6958880424 0 0 0
1652323892.7058875561 0 0 0
1652323892.7158889771 0 0 0
1652323892.725892067 0 0 0
1652323892.7292499542 0 0 0
1652323892.7358911037 0 0 0
1652323892.7458925247 0 0 0
1652323892.755895853 0 0 0
1652323892.7658951283 0 0 0
1652323892.7758963108 0 0 0
1652323892.7858998775 0 0 0
1652323892.7958991528 0 0 0
1652323892.8059065342 0 0 0
1652323892.8159096241 0 0 0
1652323892.8259088993 0 0 0
1652323892.8279356956 0 0 0
1652323892.8359103203 0 0 0
1652323892.845913887 0 0 0
1652323892.8559131622 0 0 0
1652323892.8659148216 0 0 0
1652323892.8759179115 0 0 0
1652323892.8859169483 0 0 0
1652323892.8959181309 0 0 0
1652323892.9059209824 0 0 0
1652323892.9159200191 0 0 0
1652323892.9259214401 0 0 0
1652323892.9275388718 0 0 0
1652323892.9359250069 0 0 0
1652323892.9459242821 0 0 0
1652323892.955925703 0 0 0
1652323892.9659292698 0 0 0
1652323892.975928545 0 0 0
1652323892.985929966 0 0 0
1652323892.9959335327 0 0 0
1652323893.0059328079 0 0 0
1652323893.0159342289 0 0 0
1652323893.0259435177 0 0 0
1652323893.0359425545 0 0 0
1652323893.0372796059 0 0 0
1652323893.045943737 0 0 0
1652323893.0559468269 0 0 0
1652323893.0659461021 0 0 0
1652323893.0759470463 0 0 0
1652323893.0859501362 0 0 0
1652323893.0959496498 0 0 0
1652323893.1059510708 0 0 0
1652323893.1159543991 0 0 0
1652323893.1259536743 0 0 0
1652323893.1367709637 0 0 0
1652323893.145958662 0 0 0
1652323893.1559581757 0 0 0
1652323893.1659595966 0 0 0
1652323893.1759626865 0 0 0
1652323893.1859614849 0 0 0
1652323893.195962429 0 0 0
1652323893.2069644928 0 0 0
1652323893.2179675102 0 0 0
1652323893.227966547 0 0 0
1652323893.2353568077 0 0 0
1652323893.2379732132 0 0 0
1652323893.2479765415 0 0 0
1652323893.2579755783 0 0 0
1652323893.2679769993 0 0 0
1652323893.2779803276 0 0 0
1652323893.2879798412 0 0 0
1652323893.2979812622 0 0 0
1652323893.3079845905 0 0 0
1652323893.3179841042 0 0 0
1652323893.3279855251 0 0 0
1652323893.3339605331 0 0 0
1652323893.337988615 0 0 0
1652323893.3479874134 0 0 0
1652323893.3579883575 0 0 0
1652323893.367991209 0 0 0
1652323893.3779904842 0 0 0
1652323893.3879916668 0 0 0
1652323893.3979945183 0 0 0
1652323893.4079935551 0 0 0
1652323893.4179947376 0 0 0
1652323893.4279975891 0 0 0
1652323893.4334552288 0 0 0
1652323893.4379968643 0 0 0
1652323893.4479982853 0 0 0
1652323893.4580075741 0 0 0
1652323893.4680070877 0 0 0
1652323893.4780085087 0 0 0
1652323893.488011837 0 0 0
1652323893.4980106354 0 0 0
1652323893.5080115795 0 0 0
1652323893.518014431 0 0 0
1652323893.5280132294 0 0 0
1652323893.532220602 0 0 0
1652323893.5380141735 0 0 0
1652323893.5480172634 0 0 0
1652323893.5580163002 0 0 0
1652323893.5680177212 0 0 0
1652323893.5780208111 0 0 0
1652323893.5880200863 0 0 0
1652323893.5980212688 0 0 0
1652323893.6080248356 0 0 0
1652323893.6180241108 0 0 0
1652323893.6280257702 0 0 0
1652323893.6309154034 0 0 0
1652323893.6380288601 0 0 0
1652323893.6480276585 0 0 0
1652323893.6580286026 0 0 0
1652323893.6680314541 0 0 0
1652323893.6780302525 0 0 0
1652323893.6880311966 0 0 0
1652323893.6980342865 0 0 0
1652323893.7080330849 0 0 0
1652323893.7180342674 0 0 0
1652323893.7305486202 0 0 0
1652323893.7280375957 0 0 0
1652323893.7380371094 0 0 0
1652323893.7480382919 0 0 0
1652323893.7580418587 0 0 0
1652323893.7680413723 0 0 0
1652323893.7780425549 0 0 0
1652323893.7880458832 0 0 0
1652323893.7980446815 0 0 0
1652323893.8080456257 0 0 0
1652323893.8180484772 0 0 0
1652323893.8280472755 0 0 0
1652323893.8290383816 0 0 0
1652323893.8380482197 0 0 0
1652323893.8480513096 0 0 0
1652323893.858050108 0 0 0
1652323893.8680510521 0 0 0
1652323893.8780601025 0 0 0
1652323893.8880591393 0 0 0
1652323893.8980603218 0 0 0
1652323893.9080634117 0 0 0
1652323893.9180629253 0 0 0
1652323893.9280924797 0 0 0
1652323893.9280641079 0 0 0
1652323893.9380669594 0 0 0
1652323893.9480657578 0 0 0
1652323893.9580667019 0 0 0
1652323893.9680695534 0 0 0
1652323893.9780685902 0 0 0
1652323893.9880692959 0 0 0
1652323893.9980723858 0 0 0
1652323894.0080711842 0 0 0
1652323894.0180721283 0 0 0
1652323894.0270864964 0 0 0
1652323894.0280749798 0 0 0
1652323894.0380737782 0 0 0
1652323894.0480747223 0 0 0
1652323894.0580778122 0 0 0
1652323894.0680770874 0 0 0
1652323894.07807827 0 0 0
1652323894.0880813599 0 0 0
1652323894.0980923176 0 0 0
1652323894.1080935001 0 0 0
1652323894.1180963516 0 0 0
1652323894.12809515 0 0 0
1652323894.1373631954 0 0 0
1652323894.1380960941 0 0 0
1652323894.148099184 0 0 0
1652323894.1611011028 0 0 0
1652323894.1711053848 0 0 0
1652323894.1811051369 0 0 0
1652323894.1911070347 0 0 0
1652323894.2011110783 0 0 0
1652323894.2111108303 0 0 0
1652323894.2211127281 0 0 0
1652323894.2311167717 0 0 0
1652323894.236515522 0 0 0
1652323894.2411167622 0 0 0
1652323894.25111866 0 0 0
1652323894.2611224651 0 0 0
1652323894.2711224556 0 0 0
1652323894.2811243534 0 0 0
1652323894.2911281586 0 0 0
1652323894.301128149 0 0 0
1652323894.3111360073 0 0 0
1652323894.3211400509 0 0 0
1652323894.3311400414 0 0 0
1652323894.3356301785 0 0 0
1652323894.3411419392 0 0 0
1652323894.3511459827 0 0 0
1652323894.3611459732 0 0 0
1652323894.371147871 0 0 0
1652323894.3811516762 0 0 0
1652323894.3911519051 0 0 0
1652323894.4011538029 0 0 0
1652323894.4111578465 0 0 0
1652323894.4211578369 0 0 0
1652323894.4311597347 0 0 0
1652323894.4345464706 0 0 0
1652323894.4411635399 0 0 0
1652323894.4511635303 0 0 0
1652323894.4611656666 0 0 0
1652323894.4711694717 0 0 0
1652323894.4811694622 0 0 0
1652323894.49117136 0 0 0
1652323894.5011754036 0 0 0
1652323894.5111751556 0 0 0
1652323894.5211770535 0 0 0
1652323894.5333898067 0 0 0
1652323894.5311870575 0 0 0
1652323894.541187048 0 0 0
1652323894.5511887074 0 0 0
1652323894.5611927509 0 0 0
1652323894.571192503 0 0 0
1652323894.5811946392 0 0 0
1652323894.5911984444 0 0 0
1652323894.6011986732 0 0 0
1652323894.6112003326 0 0 0
1652323894.6212041378 0 0 0
1652323894.6312043667 0 0 0
1652323894.6322715282 0 0 0
1652323894.6412062645 0 0 0
1652323894.6512103081 0 0 0
1652323894.6612100601 0 0 0
1652323894.6712119579 0 0 0
1652323894.6812160015 0 0 0
1652323894.6912155151 0 0 0
1652323894.7012176514 0 0 0
1652323894.7112214565 0 0 0
1652323894.7212216854 0 0 0
1652323894.7309980392 0 0 0
1652323894.7312233448 0 0 0
1652323894.74122715 0 0 0
1652323894.7512333393 0 0 0
1652323894.7612354755 0 0 0
1652323894.7712392807 0 0 0
1652323894.7812392712 0 0 0
1652323894.791241169 0 0 0
1652323894.8012452126 0 0 0
1652323894.811245203 0 0 0
1652323894.8212475777 0 0 0
1652323894.8309516907 0 0 0
1652323894.8312511444 0 0 0
1652323894.8412511349 0 0 0
1652323894.8512530327 0 0 0
1652323894.8612570763 0 0 0
1652323894.8712570667 0 0 0
1652323894.8812589645 0 0 0
1652323894.8912627697 0 0 0
1652323894.9012627602 0 0 0
1652323894.9112644196 0 0 0
1652323894.9212684631 0 0 0
1652323894.929759264 0 0 0
1652323894.931268692 0 0 0
1652323894.9412705898 0 0 0
1652323894.951274395 0 0 0
1652323894.9612743855 0 0 0
1652323894.9712762833 0 0 0
1652323894.9812800884 0 0 0
1652323894.9912798405 0 0 0
1652323895.0012817383 0 0 0
1652323895.0112857819 0 0 0
1652323895.0212857723 0 0 0
1652323895.0285527706 0 0 0
1652323895.0312876701 0 0 0
1652323895.0412914753 0 0 0
1652323895.0512917042 0 0 0
1652323895.061293602 0 0 0
1652323895.0712971687 0 0 0
1652323895.0823020935 0 0 0
1652323895.0933020115 0 0 0
1652323895.1033039093 0 0 0
1652323895.1133079529 0 0 0
1652323895.1233079433 0 0 0
1652323895.1272604465 0 0 0
1652323895.1333098412 0 0 0
1652323895.1433136463 0 0 0
1652323895.1533136368 0 0 0
1652323895.1633155346 0 0 0
1652323895.1733193398 0 0 0
1652323895.1833195686 0 0 0
1652323895.193321228 0 0 0
1652323895.2033252716 0 0 0
1652323895.2133250237 0 0 0
1652323895.2233271599 0 0 0
1652323895.2371988297 0 0 0
1652323895.2433309555 0 0 0
1652323895.2533330917 0 0 0
1652323895.2633368969 0 0 0
1652323895.2733368874 0 0 0
1652323895.2833385468 0 0 0
1652323895.2933423519 0 0 0
1652323895.3033423424 0 0 0
1652323895.3133442402 0 0 0
1652323895.3233482838 0 0 0
1652323895.3333480358 0 0 0
1652323895.3362281322 0 0 0
1652323895.3433499336 0 0 0
1652323895.3533539772 0 0 0
1652323895.3633542061 0 0 0
1652323895.3733558655 0 0 0
1652323895.3833658695 0 0 0
1652323895.3933660984 0 0 0
1652323895.4033679962 0 0 0
1652323895.4133718014 0 0 0
1652323895.4233715534 0 0 0
1652323895.4351332188 0 0 0
1652323895.4433774948 0 0 0
1652323895.4533772469 0 0 0
1652323895.4633791447 0 0 0
1652323895.4733831882 0 0 0
1652323895.4833831787 0 0 0
1652323895.4933850765 0 0 0
1652323895.5033888817 0 0 0
1652323895.5133888721 0 0 0
1652323895.52339077 0 0 0
1652323895.5349237919 0 0 0
1652323895.5333945751 0 0 0
1652323895.543394804 0 0 0
1652323895.5533964634 0 0 0
1652323895.5634002686 0 0 0
1652323895.5733997822 0 0 0
1652323895.5834014416 0 0 0
1652323895.5934050083 0 0 0
1652323895.6034104824 0 0 0
1652323895.6134119034 0 0 0
1652323895.6234154701 0 0 0
1652323895.6334154606 0 0 0
1652323895.6334609985 0 0 0
1652323895.6434173584 0 0 0
1652323895.653421402 0 0 0
1652323895.663421154 0 0 0
1652323895.6734230518 0 0 0
1652323895.6834270954 0 0 0
1652323895.6934268475 0 0 0
1652323895.7034285069 0 0 0
1652323895.7134320736 0 0 0
1652323895.7234315872 0 0 0
1652323895.7321264744 0 0 0
1652323895.733433485 0 0 0
1652323895.7434372902 0 0 0
1652323895.7534370422 0 0 0
1652323895.76343894 0 0 0
1652323895.7734427452 0 0 0
1652323895.7834427357 0 0 0
1652323895.7934446335 0 0 0
1652323895.8034486771 0 0 0
1652323895.8134484291 0 0 0
1652323895.8310256004 0 0 0
1652323895.8334598541 0 0 0
1652323895.8434596062 0 0 0
1652323895.8534610271 0 0 0
1652323895.8634643555 0 0 0
1652323895.8734638691 0 0 0
1652323895.8834652901 0 0 0
1652323895.8934686184 0 0 0
1652323895.9034683704 0 0 0
1652323895.9134702682 0 0 0
1652323895.923473835 0 0 0
1652323895.9304568768 0 0 0
1652323895.933473587 0 0 0
1652323895.9434754848 0 0 0
1652323895.9534795284 0 0 0
1652323895.9634792805 0 0 0
1652323895.9734811783 0 0 0
1652323895.9834852219 0 0 0
1652323895.9934847355 0 0 0
1652323896.008487463 0 0 0
1652323896.0184860229 0 0 0
1652323896.0284869671 0 0 0
1652323896.029042244 0 0 0
1652323896.038495779 0 0 0
1652323896.048494339 0 0 0
1652323896.0584952831 0 0 0
1652323896.0684978962 0 0 0
1652323896.0784962177 0 0 0
1652323896.088496685 0 0 0
1652323896.0984990597 0 0 0
1652323896.1084973812 0 0 0
1652323896.1184978485 0 0 0
1652323896.128029108 0 0 0
1652323896.1285002232 0 0 0
1652323896.1384987831 0 0 0
1652323896.1484997272 0 0 0
1652323896.1585023403 0 0 0
1652323896.1685011387 0 0 0
1652323896.1785018444 0 0 0
1652323896.1885049343 0 0 0
1652323896.1985037327 0 0 0
1652323896.2085046768 0 0 0
1652323896.2185072899 0 0 0
1652323896.2285056114 0 0 0
1652323896.2276201248 0 0 0
1652323896.2385060787 0 0 0
1652323896.2485084534 0 0 0
1652323896.2585129738 0 0 0
1652323896.2685132027 0 0 0
1652323896.2785158157 0 0 0
1652323896.2885143757 0 0 0
1652323896.298514843 0 0 0
1652323896.3085174561 0 0 0
1652323896.318516016 0 0 0
1652323896.3285169601 0 0 0
1652323896.3374223709 0 0 0
1652323896.3385195732 0 0 0
1652323896.3485181332 0 0 0
1652323896.3585190773 0 0 0
1652323896.3685216904 0 0 0
1652323896.3785200119 0 0 0
1652323896.3885204792 0 0 0
1652323896.3985228539 0 0 0
1652323896.4085211754 0 0 0
1652323896.4185216427 0 0 0
1652323896.4285240173 0 0 0
1652323896.4365236759 0 0 0
1652323896.4385225773 0 0 0
1652323896.4485235214 0 0 0
1652323896.4585261345 0 0 0
1652323896.4685308933 0 0 0
1652323896.4785318375 0 0 0
1652323896.4885346889 0 0 0
1652323896.4985337257 0 0 0
1652323896.5085344315 0 0 0
1652323896.5185372829 0 0 0
1652323896.5285356045 0 0 0
1652323896.5354542732 0 0 0
1652323896.5385358334 0 0 0
1652323896.5485384464 0 0 0
1652323896.558536768 0 0 0
1652323896.5685369968 0 0 0
1652323896.5785396099 0 0 0
1652323896.5885379314 0 0 0
1652323896.5985381603 0 0 0
1652323896.6085407734 0 0 0
1652323896.6185393333 0 0 0
1652323896.6285402775 0 0 0
1652323896.6346354485 0 0 0
1652323896.6385428905 0 0 0
1652323896.6485414505 0 0 0
1652323896.6585423946 0 0 0
1652323896.6685452461 0 0 0
1652323896.6785497665 0 0 0
1652323896.6885504723 0 0 0
1652323896.6985528469 0 0 0
1652323896.7085511684 0 0 0
1652323896.7185516357 0 0 0
1652323896.7285540104 0 0 0
1652323896.7332878113 0 0 0
1652323896.7385525703 0 0 0
1652323896.7485532761 0 0 0
1652323896.7585556507 0 0 0
1652323896.7685544491 0 0 0
1652323896.7785551548 0 0 0
1652323896.7885577679 0 0 0
1652323896.7985563278 0 0 0
1652323896.808557272 0 0 0
1652323896.8185603619 0 0 0
1652323896.8285589218 0 0 0
1652323896.8321504593 0 0 0
1652323896.8385591507 0 0 0
1652323896.8485617638 0 0 0
1652323896.8585600853 0 0 0
1652323896.8685603142 0 0 0
1652323896.8785629272 0 0 0
1652323896.8885614872 0 0 0
1652323896.898567915 0 0 0
1652323896.908570528 0 0 0
1652323896.9185693264 0 0 0
1652323896.9285697937 0 0 0
1652323896.9312641621 0 0 0
1652323896.9415693283 0 0 0
1652323896.9515709877 0 0 0
1652323896.961574316 0 0 0
1652323896.9715738297 0 0 0
1652323896.9815752506 0 0 0
1652323896.9915785789 0 0 0
1652323897.001578331 0 0 0
1652323897.0115802288 0 0 0
1652323897.0215835571 0 0 0
1652323897.0301218033 0 0 0
1652323897.0315833092 0 0 0
1652323897.0415847301 0 0 0
1652323897.0515880585 0 0 0
1652323897.0615875721 0 0 0
1652323897.0715887547 0 0 0
1652323897.0815923214 0 0 0
1652323897.0915915966 0 0 0
1652323897.1015930176 0 0 0
1652323897.1116025448 0 0 0
1652323897.1216022968 0 0 0
1652323897.1290733814 0 0 0
1652323897.1316039562 0 0 0
1652323897.141607523 0 0 0
1652323897.1516070366 0 0 0
1652323897.161608696 0 0 0
1652323897.1716117859 0 0 0
1652323897.1816115379 0 0 0
1652323897.1916129589 0 0 0
1652323897.2016162872 0 0 0
1652323897.2116158009 0 0 0
1652323897.2216172218 0 0 0
1652323897.2281403542 0 0 0
1652323897.2316205502 0 0 0
1652323897.2416200638 0 0 0
1652323897.2516214848 0 0 0
1652323897.2616248131 0 0 0
1652323897.2716240883 0 0 0
1652323897.2816255093 0 0 0
1652323897.291629076 0 0 0
1652323897.3016283512 0 0 0
1652323897.3116295338 0 0 0
1652323897.3216331005 0 0 0
1652323897.3270971775 0 0 0
1652323897.3316385746 0 0 0
1652323897.341640234 0 0 0
1652323897.3516433239 0 0 0
1652323897.3616430759 0 0 0
1652323897.3716444969 0 0 0
1652323897.3816478252 0 0 0
1652323897.3916473389 0 0 0
1652323897.4016485214 0 0 0
1652323897.4116520882 0 0 0
1652323897.4216513634 0 0 0
1652323897.4316527843 0 0 0
1652323897.43754673 0 0 0
1652323897.4416563511 0 0 0
1652323897.4516553879 0 0 0
1652323897.4616568089 0 0 0
1652323897.4716603756 0 0 0
1652323897.4816598892 0 0 0
1652323897.4916613102 0 0 0
1652323897.5016648769 0 0 0
1652323897.5116641521 0 0 0
1652323897.5216655731 0 0 0
1652323897.5316689014 0 0 0
1652323897.536539793 0 0 0
1652323897.5416684151 0 0 0
1652323897.5516755581 0 0 0
1652323897.5616793633 0 0 0
1652323897.5716786385 0 0 0
1652323897.5816800594 0 0 0
1652323897.5916833878 0 0 0
1652323897.601682663 0 0 0
1652323897.6116840839 0 0 0
1652323897.6216876507 0 0 0
1652323897.6316871643 0 0 0
1652323897.6354255676 0 0 0
1652323897.6416885853 0 0 0
1652323897.6516916752 0 0 0
1652323897.6616914272 0 0 0
1652323897.6716928482 0 0 0
1652323897.6796984673 0 0 0
1652323897.6896998882 0 0 0
1652323897.6997032166 0 0 0
1652323897.7097084522 0 0 0
1652323897.7197098732 0 0 0
1652323897.7297134399 0 0 0
1652323897.7342655659 0 0 0
1652323897.739718914 0 0 0
1652323897.749720335 0 0 0
1652323897.7597236633 0 0 0
1652323897.7697296143 0 0 0
1652323897.7797310352 0 0 0
1652323897.7897341251 0 0 0
1652323897.7997395992 0 0 0
1652323897.8097412586 0 0 0
1652323897.8197448254 0 0 0
1652323897.8332300186 0 0 0
1652323897.8297502995 0 0 0
1652323897.839751482 0 0 0
1652323897.8497548103 0 0 0
1652323897.8607592583 0 0 0
1652323897.8717646599 0 0 0
1652323897.8817660809 0 0 0
1652323897.8917696476 0 0 0
1652323897.9017751217 0 0 0
1652323897.9117765427 0 0 0
1652323897.921779871 0 0 0
1652323897.9322884083 0 0 0
1652323897.9317855835 0 0 0
1652323897.9417867661 0 0 0
1652323897.9517903328 0 0 0
1652323897.9617960453 0 0 0
1652323897.9717974663 0 0 0
1652323897.9818007946 0 0 0
1652323897.9918062687 0 0 0
1652323898.0018076897 0 0 0
1652323898.011811018 0 0 0
1652323898.0218162537 0 0 0
1652323898.0315315723 0 0 0
1652323898.0318174362 0 0 0
1652323898.041821003 0 0 0
1652323898.0518264771 0 0 0
1652323898.061827898 0 0 0
1652323898.0718312263 0 0 0
1652323898.0818367004 0 0 0
1652323898.0918381214 0 0 0
1652323898.1018416882 0 0 0
1652323898.1118471622 0 0 0
1652323898.1218485832 0 0 0
1652323898.1302061081 0 0 0
1652323898.1318516731 0 0 0
1652323898.1418566704 0 0 0
1652323898.1518578529 0 0 0
1652323898.1618614197 0 0 0
1652323898.1718666553 0 0 0
1652323898.18187356 0 0 0
1652323898.1918768883 0 0 0
1652323898.2018823624 0 0 0
1652323898.2118837833 0 0 0
1652323898.2218873501 0 0 0
1652323898.2290768623 0 0 0
1652323898.2318928242 0 0 0
1652323898.2418942451 0 0 0
1652323898.2518975735 0 0 0
1652323898.2619028091 0 0 0
1652323898.2719037533 0 0 0
1652323898.2819066048 0 0 0
1652323898.291911602 0 0 0
1652323898.3019127846 0 0 0
1652323898.3119161129 0 0 0
1652323898.3219213486 0 0 0
1652323898.3280587196 0 0 0
1652323898.3319227695 0 0 0
1652323898.3419260979 0 0 0
1652323898.3519313335 0 0 0
1652323898.3619325161 0 0 0
1652323898.3719360828 0 0 0
1652323898.3819415569 0 0 0
1652323898.3919427395 0 0 0
1652323898.4019515514 0 0 0
1652323898.4119567871 0 0 0
1652323898.4219577312 0 0 0
1652323898.4279372692 0 0 0
1652323898.4319605827 0 0 0
1652323898.44196558 0 0 0
1652323898.4519667625 0 0 0
1652323898.4619700909 0 0 0
1652323898.4719753265 0 0 0
1652323898.4819765091 0 0 0
1652323898.4919798374 0 0 0
1652323898.5019850731 0 0 0
1652323898.5119864941 0 0 0
1652323898.521989584 0 0 0
1652323898.5319945812 0 0 0
1652323898.5375001431 0 0 0
1652323898.5419955254 0 0 0
1652323898.5519983768 0 0 0
1652323898.5620033741 0 0 0
1652323898.5720043182 0 0 0
1652323898.5820074081 0 0 0
1652323898.5920124054 0 0 0
1652323898.6020131111 0 0 0
1652323898.6120164394 0 0 0
1652323898.622027874 0 0 0
1652323898.6320288181 0 0 0
1652323898.6363933086 0 0 0
1652323898.6420323849 0 0 0
1652323898.6520373821 0 0 0
1652323898.6620385647 0 0 0
1652323898.6720414162 0 0 0
1652323898.6820464134 0 0 0
1652323898.6920473576 0 0 0
1652323898.702050209 0 0 0
1652323898.7120552063 0 0 0
1652323898.7220561504 0 0 0
1652323898.7320592403 0 0 0
1652323898.7354342937 0 0 0
1652323898.7420642376 0 0 0
1652323898.7520649433 0 0 0
1652323898.7620680332 0 0 0
1652323898.775069952 0 0 0
1652323898.785074234 0 0 0
1652323898.7950739861 0 0 0
1652323898.8050758839 0 0 0
1652323898.8150799274 0 0 0
1652323898.8250801563 0 0 0
1652323898.8345050812 0 0 0
1652323898.8350880146 0 0 0
1652323898.8450920582 0 0 0
1652323898.8550922871 0 0 0
1652323898.8650941849 0 0 0
1652323898.8750982285 0 0 0
1652323898.8850979805 0 0 0
1652323898.8950998783 0 0 0
1652323898.9051039219 0 0 0
1652323898.9151036739 0 0 0
1652323898.9251055717 0 0 0
1652323898.9333488941 0 0 0
1652323898.9351096153 0 0 0
1652323898.9451096058 0 0 0
1652323898.9551115036 0 0 0
1652323898.9651157856 0 0 0
1652323898.9751157761 0 0 0
1652323898.9851174355 0 0 0
1652323898.995121479 0 0 0
1652323899.0051214695 0 0 0
1652323899.0151233673 0 0 0
1652323899.0251274109 0 0 0
1652323899.0322749615 0 0 0
1652323899.0351274014 0 0 0
1652323899.0451292992 0 0 0
1652323899.0551390648 0 0 0
1652323899.0651397705 0 0 0
1652323899.0751416683 0 0 0
1652323899.0851457119 0 0 0
1652323899.0951454639 0 0 0
1652323899.1051473618 0 0 0
1652323899.1151511669 0 0 0
1652323899.1251511574 0 0 0
1652323899.1311964989 0 0 0
1652323899.1351528168 0 0 0
1652323899.1451568604 0 0 0
1652323899.1551570892 0 0 0
1652323899.165158987 0 0 0
1652323899.1751627922 0 0 0
1652323899.1851627827 0 0 0
1652323899.1951646805 0 0 0
1652323899.2051687241 0 0 0
1652323899.2151684761 0 0 0
1652323899.2251703739 0 0 0
1652323899.2301485538 0 0 0
1652323899.2351744175 0 0 0
1652323899.2451741695 0 0 0
1652323899.2551758289 0 0 0
1652323899.2651860714 0 0 0
1652323899.2751860619 0 0 0
1652323899.2851877213 0 0 0
1652323899.2951917648 0 0 0
1652323899.3051919937 0 0 0
1652323899.3151938915 0 0 0
1652323899.3251979351 0 0 0
1652323899.329228878 0 0 0
1652323899.3351976871 0 0 0
1652323899.345199585 0 0 0
1652323899.3552036285 0 0 0
1652323899.365203619 0 0 0
1652323899.3752059937 0 0 0
1652323899.3852097988 0 0 0
1652323899.3952095509 0 0 0
1652323899.4052114487 0 0 0
1652323899.4152152538 0 0 0
1652323899.4252154827 0 0 0
1652323899.4281153679 0 0 0
1652323899.4352171421 0 0 0
1652323899.4452211857 0 0 0
1652323899.4552209377 0 0 0
1652323899.465223074 0 0 0
1652323899.475233078 0 0 0
1652323899.4852330685 0 0 0
1652323899.4952349663 0 0 0
1652323899.5052390099 0 0 0
1652323899.5152390003 0 0 0
1652323899.5252408981 0 0 0
1652323899.5273036957 0 0 0
1652323899.5352444649 0 0 0
1652323899.5452444553 0 0 0
1652323899.5552463531 0 0 0
1652323899.5652506351 0 0 0
1652323899.5752503872 0 0 0
1652323899.5852520466 0 0 0
1652323899.5952560902 0 0 0
1652323899.6052560806 0 0 0
1652323899.61525774 0 0 0
1652323899.625262022 0 0 0
1652323899.6352620125 0 0 0
1652323899.6376583576 0 0 0
1652323899.6452639103 0 0 0
1652323899.6552679539 0 0 0
1652323899.6652679443 0 0 0
1652323899.6752698421 0 0 0
1652323899.6852738857 0 0 0
1652323899.6952795982 0 0 0
1652323899.7052812576 0 0 0
1652323899.7152853012 0 0 0
1652323899.7252852917 0 0 0
1652323899.736123085 0 0 0
1652323899.7352869511 0 0 0
1652323899.7482879162 0 0 0
1652323899.7582907677 0 0 0
1652323899.7682957649 0 0 0
1652323899.7782964706 0 0 0
1652323899.7882995605 0 0 0
1652323899.7983045578 0 0 0
1652323899.8083057404 0 0 0
1652323899.8183085918 0 0 0
1652323899.8283133507 0 0 0
1652323899.8351368904 0 0 0
1652323899.8383145332 0 0 0
1652323899.8483173847 0 0 0
1652323899.8583219051 0 0 0
1652323899.8683228493 0 0 0
1652323899.8783254623 0 0 0
1652323899.8883304596 0 0 0
1652323899.8983314037 0 0 0
1652323899.9083342552 0 0 0
1652323899.9183452129 0 0 0
1652323899.9283461571 0 0 0
1652323899.9345700741 0 0 0
1652323899.9383487701 0 0 0
1652323899.9483537674 0 0 0
1652323899.9583547115 0 0 0
1652323899.968357563 0 0 0
1652323899.9783625603 0 0 0
1652323899.9883635044 0 0 0
1652323899.9983661175 0 0 0
1652323900.0083706379 0 0 0
1652323900.0183713436 0 0 0
1652323900.0283741951 0 0 0
1652323900.0332100391 0 0 0
1652323900.0383791924 0 0 0
1652323900.0483801365 0 0 0
1652323900.058382988 0 0 0
1652323900.0683879852 0 0 0
1652323900.0783889294 0 0 0
1652323900.0883920193 0 0 0
1652323900.0983970165 0 0 0
1652323900.1083977222 0 0 0
1652323900.1184008121 0 0 0
1652323900.1323542595 0 0 0
1652323900.1284115314 0 0 0
1652323900.1384122372 0 0 0
1652323900.1484150887 0 0 0
1652323900.1584193707 0 0 0
1652323900.1684200764 0 0 0
1652323900.1784229279 0 0 0
1652323900.1884279251 0 0 0
1652323900.1984288692 0 0 0
1652323900.2084319592 0 0 0
1652323900.2184369564 0 0 0
1652323900.2284376621 0 0 0
1652323900.2313652039 0 0 0
1652323900.238440752 0 0 0
1652323900.2484457493 0 0 0
1652323900.258446455 0 0 0
1652323900.2684488297 0 0 0
1652323900.2784533501 0 0 0
1652323900.2884535789 0 0 0
1652323900.2984559536 0 0 0
1652323900.3084607124 0 0 0
1652323900.3184616566 0 0 0
1652323900.330583334 0 0 0
1652323900.3284647465 0 0 0
1652323900.3384697437 0 0 0
1652323900.3484764099 0 0 0
1652323900.358479023 0 0 0
1652323900.3684840202 0 0 0
1652323900.3784849644 0 0 0
1652323900.3884875774 0 0 0
1652323900.3984920979 0 0 0
1652323900.4084925652 0 0 0
1652323900.4184970856 0 0 0
1652323900.4293253422 0 0 0
1652323900.428501606 0 0 0
1652323900.4385018349 0 0 0
1652323900.4485042095 0 0 0
1652323900.4585087299 0 0 0
1652323900.4685096741 0 0 0
1652323900.4785120487 0 0 0
1652323900.4885165691 0 0 0
1652323900.4985172749 0 0 0
1652323900.5085201263 0 0 0
1652323900.5185251236 0 0 0
1652323900.5286624432 0 0 0
1652323900.5285258293 0 0 0
1652323900.538528204 0 0 0
1652323900.5485327244 0 0 0
1652323900.5585331917 0 0 0
1652323900.5685358047 0 0 0
1652323900.5785410404 0 0 0
1652323900.5885415077 0 0 0
1652323900.5985438824 0 0 0
1652323900.6085484028 0 0 0
1652323900.6185486317 0 0 0
1652323900.6280243397 0 0 0
1652323900.6285514832 0 0 0
1652323900.638556242 0 0 0
1652323900.6485567093 0 0 0
1652323900.6585595608 0 0 0
1652323900.6715610027 0 0 0
1652323900.6795663834 0 0 0
1652323900.6895678043 0 0 0
1652323900.6995711327 0 0 0
1652323900.7095766068 0 0 0
1652323900.7195780277 0 0 0
1652323900.7295815945 0 0 0
1652323900.7375054359 0 0 0
1652323900.7395870686 0 0 0
1652323900.7495884895 0 0 0
1652323900.7595918179 0 0 0
1652323900.7696032524 0 0 0
1652323900.7796051502 0 0 0
1652323900.7896089554 0 0 0
1652323900.7996144295 0 0 0
1652323900.8096158504 0 0 0
1652323900.8196191788 0 0 0
1652323900.8296246529 0 0 0
1652323900.8365240097 0 0 0
1652323900.8396263123 0 0 0
1652323900.8496296406 0 0 0
1652323900.8596348763 0 0 0
1652323900.8696367741 0 0 0
1652323900.8796405792 0 0 0
1652323900.8896460533 0 0 0
1652323900.8996474743 0 0 0
1652323900.909651041 0 0 0
1652323900.9196565151 0 0 0
1652323900.9296581745 0 0 0
1652323900.9360144138 0 0 0
1652323900.9396615028 0 0 0
1652323900.9496669769 0 0 0
1652323900.9596686363 0 0 0
1652323900.9696719646 0 0 0
1652323900.9796774387 0 0 0
1652323900.9896850586 0 0 0
1652323900.9996886253 0 0 0
1652323901.0096940994 0 0 0
1652323901.0196955204 0 0 0
1652323901.0296990871 0 0 0
1652323901.0341501236 0 0 0
1652323901.0397045612 0 0 0
1652323901.0497059822 0 0 0
1652323901.059709549 0 0 0
1652323901.0697147846 0 0 0
1652323901.079716444 0 0 0
1652323901.0897195339 0 0 0
1652323901.099725008 0 0 0
1652323901.109726429 0 0 0
1652323901.1197299957 0 0 0
1652323901.1339299679 0 0 0
1652323901.1297354698 0 0 0
1652323901.1397371292 0 0 0
1652323901.1497404575 0 0 0
1652323901.1597456932 0 0 0
1652323901.1697478294 0 0 0
1652323901.1797513962 0 0 0
1652323901.1897568703 0 0 0
1652323901.1997580528 0 0 0
1652323901.20976758 0 0 0
1652323901.2197732925 0 0 0
1652323901.2297744751 0 0 0
1652323901.2331163883 0 0 0
1652323901.2397780418 0 0 0
1652323901.2497835159 0 0 0
1652323901.2597849369 0 0 0
1652323901.2697885036 0 0 0
1652323901.2797939777 0 0 0
1652323901.2897956371 0 0 0
1652323901.299798727 0 0 0
1652323901.3098044395 0 0 0
1652323901.3198058605 0 0 0
1652323901.3313484192 0 0 0
1652323901.3298091888 0 0 0
1652323901.3398146629 0 0 0
1652323901.3498160839 0 0 0
1652323901.3598194122 0 0 0
1652323901.3698251247 0 0 0
1652323901.3798265457 0 0 0
1652323901.389829874 0 0 0
1652323901.3998353481 0 0 0
1652323901.4098367691 0 0 0
1652323901.4198403358 0 0 0
1652323901.4302129745 0 0 0
1652323901.4298520088 0 0 0
1652323901.4398536682 0 0 0
1652323901.4498567581 0 0 0
1652323901.4598619938 0 0 0
1652323901.4698631763 0 0 0
1652323901.4798667431 0 0 0
1652323901.4898719788 0 0 0
1652323901.4998729229 0 0 0
1652323901.5098764896 0 0 0
1652323901.5198819637 0 0 0
1652323901.5292663574 0 0 0
1652323901.5298833847 0 0 0
1652323901.5398869514 0 0 0
1652323901.5498924255 0 0 0
1652323901.5598938465 0 0 0
1652323901.5698971748 0 0 0
1652323901.5799026489 0 0 0
1652323901.5899038315 0 0 0
1652323901.5999069214 0 0 0
1652323901.6129090786 0 0 0
1652323901.6229133606 0 0 0
1652323901.6289250851 0 0 0
1652323901.6329195499 0 0 0
1652323901.6429276466 0 0 0
1652323901.6529316902 0 0 0
1652323901.6629376411 0 0 0
1652323901.6729397774 0 0 0
1652323901.6809458733 0 0 0
1652323901.6909542084 0 0 0
1652323901.7009584904 0 0 0
1652323901.7109649181 0 0 0
1652323901.7278494835 0 0 0
1652323901.7209732533 0 0 0
1652323901.7309772968 0 0 0
1652323901.7409832478 0 0 0
1652323901.7509913445 0 0 0
1652323901.760995388 0 0 0
1652323901.771001339 0 0 0
1652323901.7810094357 0 0 0
1652323901.7910134792 0 0 0
1652323901.8010194302 0 0 0
1652323901.8110275269 0 0 0
1652323901.821031332 0 0 0
1652323901.8310375214 0 0 0
1652323901.8377063274 0 0 0
1652323901.8410451412 0 0 0
1652323901.8510494232 0 0 0
1652323901.8610613346 0 0 0
1652323901.8710694313 0 0 0
1652323901.8810737133 0 0 0
1652323901.8910796642 0 0 0
1652323901.9010877609 0 0 0
1652323901.9110918045 0 0 0
1652323901.9210977554 0 0 0
1652323901.9361765385 0 0 0
1652323901.9311058521 0 0 0
1652323901.9411096573 0 0 0
1652323901.9511158466 0 0 0
1652323901.9611234665 0 0 0
1652323901.9711275101 0 0 0
1652323901.981133461 0 0 0
1652323901.9911415577 0 0 0
1652323902.0011458397 0 0 0
1652323902.0111517906 0 0 0
1652323902.0211598873 0 0 0
1652323902.0311639309 0 0 0
1652323902.0356919765 0 0 0
1652323902.0411698818 0 0 0
1652323902.0511779785 0 0 0
1652323902.0611820221 0 0 0
1652323902.0711877346 0 0 0
1652323902.0811958313 0 0 0
1652323902.0912001133 0 0 0
1652323902.1012058258 0 0 0
1652323902.1112139225 0 0 0
1652323902.1212179661 0 0 0
1652323902.1349463463 0 0 0
1652323902.1312241554 0 0 0
1652323902.1412317753 0 0 0
1652323902.1512360573 0 0 0
1652323902.1612420082 0 0 0
1652323902.1712498665 0 0 0
1652323902.1812539101 0 0 0
1652323902.191259861 0 0 0
1652323902.2012679577 0 0 0
1652323902.2112720013 0 0 0
1652323902.2212793827 0 0 0
1652323902.2312874794 0 0 0
1652323902.2449657917 0 0 0
1652323902.2512974739 0 0 0
1652323902.2613055706 0 0 0
1652323902.2713096142 0 0 0
1652323902.2813215256 0 0 0
1652323902.2913293839 0 0 0
1652323902.301333189 0 0 0
1652323902.3113393784 0 0 0
1652323902.3213469982 0 0 0
1652323902.3329622746 0 0 0
1652323902.3313508034 0 0 0
1652323902.3413567543 0 0 0
1652323902.351364851 0 0 0
1652323902.3613688946 0 0 0
1652323902.3713748455 0 0 0
1652323902.3813829422 0 0 0
1652323902.3913869858 0 0 0
1652323902.4013929367 0 0 0
1652323902.411400795 0 0 0
1652323902.4214041233 0 0 0
1652323902.4319248199 0 0 0
1652323902.4314098358 0 0 0
1652323902.4414176941 0 0 0
1652323902.4514214993 0 0 0
1652323902.4614274502 0 0 0
1652323902.4714353085 0 0 0
1652323902.4814388752 0 0 0
1652323902.4914450645 0 0 0
1652323902.5014588833 0 0 0
1652323902.5114626884 0 0 0
1652323902.5214693546 0 0 0
1652323902.5311822891 0 0 0
1652323902.5324764252 0 0 0
1652323902.5434844494 0 0 0
1652323902.5534877777 0 0 0
1652323902.5634934902 0 0 0
1652323902.5735008717 0 0 0
1652323902.5835044384 0 0 0
1652323902.5935099125 0 0 0
1652323902.6035175323 0 0 0
1652323902.6135208607 0 0 0
1652323902.6235263348 0 0 0
1652323902.6297600269 0 0 0
1652323902.6335339546 0 0 0
1652323902.6435375214 0 0 0
1652323902.6535429955 0 0 0
1652323902.6635503769 0 0 0
1652323902.6735539436 0 0 0
1652323902.6835591793 0 0 0
1652323902.6935667992 0 0 0
1652323902.7035703659 0 0 0
1652323902.7135818005 0 0 0
1652323902.7281639576 0 0 0
1652323902.7235896587 0 0 0
1652323902.7335929871 0 0 0
1652323902.743598938 0 0 0
1652323902.7536065578 0 0 0
1652323902.7636101246 0 0 0
1652323902.7736155987 0 0 0
1652323902.7836229801 0 0 0
1652323902.7936265469 0 0 0
1652323902.8036317825 0 0 0
1652323902.8136396408 0 0 0
1652323902.8236432076 0 0 0
1652323902.8276953697 0 0 0
1652323902.8336486816 0 0 0
1652323902.8436563015 0 0 0
1652323902.8536596298 0 0 0
1652323902.8636651039 0 0 0
1652323902.8736724854 0 0 0
1652323902.8836760521 0 0 0
1652323902.8936817646 0 0 0
1652323902.9036889076 0 0 0
1652323902.9136924744 0 0 0
1652323902.9236979485 0 0 0
1652323902.9375078678 0 0 0
1652323902.9337112904 0 0 0
1652323902.9437148571 0 0 0
1652323902.9537200928 0 0 0
1652323902.9637277126 0 0 0
1652323902.9737312794 0 0 0
1652323902.983736515 0 0 0
1652323902.9937441349 0 0 0
1652323903.0037479401 0 0 0
1652323903.0137534142 0 0 0
1652323903.0237603188 0 0 0
1652323903.0365130901 0 0 0
1652323903.0337636471 0 0 0
1652323903.0437691212 0 0 0
1652323903.053776741 0 0 0
1652323903.0637800694 0 0 0
1652323903.0737855434 0 0 0
1652323903.0837931633 0 0 0
1652323903.0937964916 0 0 0
1652323903.1038022041 0 0 0
1652323903.1138095856 0 0 0
1652323903.1238131523 0 0 0
1652323903.1356394291 0 0 0
1652323903.1338186264 0 0 0
1652323903.1438260078 0 0 0
1652323903.1538350582 0 0 0
1652323903.1638402939 0 0 0
1652323903.1738479137 0 0 0
1652323903.1838512421 0 0 0
1652323903.1938567162 0 0 0
1652323903.203864336 0 0 0
1652323903.2138676643 0 0 0
1652323903.2238733768 0 0 0
1652323903.2344050407 0 0 0
1652323903.2338807583 0 0 0
1652323903.243884325 0 0 0
1652323903.2538897991 0 0 0
1652323903.2638971806 0 0 0
1652323903.2739002705 0 0 0
1652323903.2839057446 0 0 0
1652323903.293913126 0 0 0
1652323903.3039162159 0 0 0
1652323903.31392169 0 0 0
1652323903.3239293098 0 0 0
1652323903.3340101242 0 0 0
1652323903.3339328766 0 0 0
1652323903.3439383507 0 0 0
1652323903.3539459705 0 0 0
1652323903.3639492989 0 0 0
1652323903.3739550114 0 0 0
1652323903.3839621544 0 0 0
1652323903.3939650059 0 0 0
1652323903.4039700031 0 0 0
1652323903.4139771461 0 0 0
1652323903.4239799976 0 0 0
1652323903.4324140549 0 0 0
1652323903.4339849949 0 0 0
1652323903.4439921379 0 0 0
1652323903.4569981098 0 0 0
1652323903.4670004845 0 0 0
1652323903.4770047665 0 0 0
1652323903.4870107174 0 0 0
1652323903.497013092 0 0 0
1652323903.507017374 0 0 0
1652323903.5170238018 0 0 0
1652323903.527025938 0 0 0
1652323903.5310800076 0 0 0
1652323903.53703022 0 0 0
1652323903.547036171 0 0 0
1652323903.5570380688 0 0 0
1652323903.5670478344 0 0 0
1652323903.5770542622 0 0 0
1652323903.5870563984 0 0 0
1652323903.5970606804 0 0 0
1652323903.6070666313 0 0 0
1652323903.6170687675 0 0 0
1652323903.6307058334 0 0 0
1652323903.6270730495 0 0 0
1652323903.6370790005 0 0 0
1652323903.6470813751 0 0 0
1652323903.6570856571 0 0 0
1652323903.6670920849 0 0 0
1652323903.6770939827 0 0 0
1652323903.6870977879 0 0 0
1652323903.6971039772 0 0 0
1652323903.707105875 0 0 0
1652323903.7171096802 0 0 0
1652323903.7297513485 0 0 0
1652323903.7271158695 0 0 0
1652323903.7371177673 0 0 0
1652323903.7471215725 0 0 0
1652323903.7571277618 0 0 0
1652323903.7671298981 0 0 0
1652323903.7771344185 0 0 0
1652323903.7871468067 0 0 0
1652323903.7971487045 0 0 0
1652323903.8071522713 0 0 0
1652323903.8171584606 0 0 0
1652323903.828527689 0 0 0
1652323903.8271605968 0 0 0
1652323903.8371646404 0 0 0
1652323903.8471705914 0 0 0
1652323903.8571724892 0 0 0
1652323903.8671767712 0 0 0
1652323903.8771829605 0 0 0
1652323903.8871848583 0 0 0
1652323903.8971889019 0 0 0
1652323903.9071948528 0 0 0
1652323903.9171967506 0 0 0
1652323903.9304096699 0 0 0
1652323903.9272007942 0 0 0
1652323903.9372065067 0 0 0
1652323903.947208643 0 0 0
1652323903.9572124481 0 0 0
1652323903.9672188759 0 0 0
1652323903.9772210121 0 0 0
1652323903.9872250557 0 0 0
1652323903.9972310066 0 0 0
1652323904.0072388649 0 0 0
1652323904.0172431469 0 0 0
1652323904.0272490978 0 0 0
1652323904.0372655392 0 0 0
1652323904.0372507572 0 0 0
1652323904.0472548008 0 0 0
1652323904.0572607517 0 0 0
1652323904.067262888 0 0 0
1652323904.0772666931 0 0 0
1652323904.087272644 0 0 0
1652323904.0972745419 0 0 0
1652323904.1072785854 0 0 0
1652323904.1172845364 0 0 0
1652323904.1272866726 0 0 0
1652323904.1365327835 0 0 0
1652323904.1372907162 0 0 0
1652323904.1472966671 0 0 0
1652323904.1572988033 0 0 0
1652323904.1673026085 0 0 0
1652323904.177308321 0 0 0
1652323904.1873102188 0 0 0
1652323904.1973142624 0 0 0
1652323904.2073202133 0 0 0
1652323904.2173223495 0 0 0
1652323904.2360765934 0 0 0
1652323904.2273323536 0 0 0
1652323904.2373383045 0 0 0
1652323904.2473402023 0 0 0
1652323904.2573442459 0 0 0
1652323904.2673504353 0 0 0
1652323904.2773523331 0 0 0
1652323904.2873563766 0 0 0
1652323904.2973620892 0 0 0
1652323904.307363987 0 0 0
1652323904.3173680305 0 0 0
1652323904.3273739815 0 0 0
1652323904.3349893093 0 0 0
1652323904.3373761177 0 0 0
1652323904.3473799229 0 0 0
1652323904.3573858738 0 0 0
1652323904.3673882484 0 0 0
1652323904.3803889751 0 0 0
1652323904.3903915882 0 0 0
1652323904.4003965855 0 0 0
1652323904.4103975296 0 0 0
1652323904.4204003811 0 0 0
1652323904.4341216087 0 0 0
1652323904.4304053783 0 0 0
1652323904.4404125214 0 0 0
1652323904.4504156113 0 0 0
1652323904.4604201317 0 0 0
1652323904.4704210758 0 0 0
1652323904.4804236889 0 0 0
1652323904.4904284477 0 0 0
1652323904.5004291534 0 0 0
1652323904.5104320049 0 0 0
1652323904.5204370022 0 0 0
1652323904.5304379463 0 0 0
1652323904.5321311951 0 0 0
1652323904.5404407978 0 0 0
1652323904.5504457951 0 0 0
1652323904.5604467392 0 0 0
1652323904.5704498291 0 0 0
1652323904.5804545879 0 0 0
1652323904.5904557705 0 0 0
1652323904.6004581451 0 0 0
1652323904.6104626656 0 0 0
1652323904.6204633713 0 0 0
1652323904.6319313049 0 0 0
1652323904.6304659843 0 0 0
1652323904.6404705048 0 0 0
1652323904.6504712105 0 0 0
1652323904.6604800224 0 0 0
1652323904.6704845428 0 0 0
1652323904.6804850101 0 0 0
1652323904.6904881001 0 0 0
1652323904.7004930973 0 0 0
1652323904.7104940414 0 0 0
1652323904.7204968929 0 0 0
1652323904.7309231758 0 0 0
1652323904.7305016518 0 0 0
1652323904.7405021191 0 0 0
1652323904.7505044937 0 0 0
1652323904.7605090141 0 0 0
1652323904.7705097198 0 0 0
1652323904.7805125713 0 0 0
1652323904.7905173302 0 0 0
1652323904.8005177975 0 0 0
1652323904.8105208874 0 0 0
1652323904.8205256462 0 0 0
1652323904.8297452927 0 0 0
1652323904.8305261135 0 0 0
1652323904.8405292034 0 0 0
1652323904.8505342007 0 0 0
1652323904.8605351448 0 0 0
1652323904.8705439568 0 0 0
1652323904.8805482388 0 0 0
1652323904.8905487061 0 0 0
1652323904.9005510807 0 0 0
1652323904.9105556011 0 0 0
1652323904.9205560684 0 0 0
1652323904.9288144112 0 0 0
1652323904.9305584431 0 0 0
1652323904.9405629635 0 0 0
1652323904.9505636692 0 0 0
1652323904.9605662823 0 0 0
1652323904.9705708027 0 0 0
1652323904.9805715084 0 0 0
1652323904.9905743599 0 0 0
1652323905.0005793571 0 0 0
1652323905.0105800629 0 0 0
1652323905.0205824375 0 0 0
1652323905.0277853012 0 0 0
1652323905.0305869579 0 0 0
1652323905.0405871868 0 0 0
1652323905.0505897999 0 0 0
1652323905.0605940819 0 0 0
1652323905.0705947876 0 0 0
1652323905.0806033611 0 0 0
1652323905.09060812 0 0 0
1652323905.1006088257 0 0 0
1652323905.1106114388 0 0 0
1652323905.1206159592 0 0 0
1652323905.1306166649 0 0 0
1652323905.1370856762 0 0 0
1652323905.140619278 0 0 0
1652323905.1506237984 0 0 0
1652323905.1606240273 0 0 0
1652323905.1706268787 0 0 0
1652323905.1806316376 0 0 0
1652323905.1906318665 0 0 0
1652323905.2006344795 0 0 0
1652323905.2106387615 0 0 0
1652323905.2206394672 0 0 0
1652323905.2306420803 0 0 0
1652323905.2361881733 0 0 0
1652323905.2406466007 0 0 0
1652323905.2506473064 0 0 0
1652323905.2606499195 0 0 0
1652323905.2706544399 0 0 0
1652323905.2806549072 0 0 0
1652323905.2906572819 0 0 0
1652323905.30265975 0 0 0
1652323905.3126642704 0 0 0
1652323905.3226649761 0 0 0
1652323905.335091114 0 0 0
1652323905.3426718712 0 0 0
1652323905.3526723385 0 0 0
1652323905.3626747131 0 0 0
1652323905.3726792336 0 0 0
1652323905.3826794624 0 0 0
1652323905.3926820755 0 0 0
1652323905.4026863575 0 0 0
1652323905.4126868248 0 0 0
1652323905.4226891994 0 0 0
1652323905.4341320992 0 0 0
1652323905.4326937199 0 0 0
1652323905.4426941872 0 0 0
1652323905.4526965618 0 0 0
1652323905.4627008438 0 0 0
1652323905.4727017879 0 0 0
1652323905.482704401 0 0 0
1652323905.492708683 0 0 0
1652323905.5027091503 0 0 0
1652323905.5127174854 0 0 0
1652323905.5227222443 0 0 0
1652323905.5330479145 0 0 0
1652323905.5327227116 0 0 0
1652323905.5427250862 0 0 0
1652323905.5527296066 0 0 0
1652323905.5627300739 0 0 0
1652323905.5727324486 0 0 0
1652323905.5827367306 0 0 0
1652323905.5927369595 0 0 0
1652323905.6027398109 0 0 0
1652323905.6127438545 0 0 0
1652323905.6227445602 0 0 0
1652323905.6330139637 0 0 0
1652323905.6327469349 0 0 0
1652323905.6427512169 0 0 0
1652323905.6527519226 0 0 0
1652323905.6627542973 0 0 0
1652323905.6727588177 0 0 0
1652323905.682759285 0 0 0
1652323905.6927616596 0 0 0
1652323905.70276618 0 0 0
1652323905.7127664089 0 0 0
1652323905.7227685452 0 0 0
1652323905.7310473919 0 0 0
1652323905.7327792645 0 0 0
1652323905.7427799702 0 0 0
1652323905.7527821064 0 0 0
1652323905.7627868652 0 0 0
1652323905.7727870941 0 0 0
1652323905.7827894688 0 0 0
1652323905.7927937508 0 0 0
1652323905.8027944565 0 0 0
1652323905.8127968311 0 0 0
1652323905.8228013515 0 0 0
1652323905.830842495 0 0 0
1652323905.8328018188 0 0 0
1652323905.8428041935 0 0 0
1652323905.8528084755 0 0 0
1652323905.8628089428 0 0 0
1652323905.8728113174 0 0 0
1652323905.8828158379 0 0 0
1652323905.8928163052 0 0 0
1652323905.9028184414 0 0 0
1652323905.9128229618 0 0 0
1652323905.9228234291 0 0 0
1652323905.9298989773 0 0 0
1652323905.9328260422 0 0 0
1652323905.9428303242 0 0 0
1652323905.9528367519 0 0 0
1652323905.9628396034 0 0 0
1652323905.9728438854 0 0 0
1652323905.9828443527 0 0 0
1652323905.992846489 0 0 0
1652323906.0028510094 0 0 0
1652323906.0128514767 0 0 0
1652323906.0228538513 0 0 0
1652323906.028734684 0 0 0
1652323906.0328583717 0 0 0
1652323906.042858839 0 0 0
1652323906.0528612137 0 0 0
1652323906.0628657341 0 0 0
1652323906.0728666782 0 0 0
1652323906.0828690529 0 0 0
1652323906.0928735733 0 0 0
1652323906.1028740406 0 0 0
1652323906.1128766537 0 0 0
1652323906.1228806973 0 0 0
1652323906.1276805401 0 0 0
1652323906.1328811646 0 0 0
1652323906.1428835392 0 0 0
1652323906.1528880596 0 0 0
1652323906.1628885269 0 0 0
1652323906.17289114 0 0 0
1652323906.182895422 0 0 0
1652323906.1928956509 0 0 0
1652323906.2028982639 0 0 0
1652323906.2129025459 0 0 0
1652323906.2229030132 0 0 0
1652323906.2373211384 0 0 0
1652323906.2349095345 0 0 0
1652323906.2449119091 0 0 0
1652323906.2549164295 0 0 0
1652323906.2649228573 0 0 0
1652323906.2749252319 0 0 0
1652323906.2849302292 0 0 0
1652323906.294936657 0 0 0
1652323906.3049387932 0 0 0
1652323906.3149430752 0 0 0
1652323906.3249490261 0 0 0
1652323906.3362185955 0 0 0
1652323906.3349511623 0 0 0
1652323906.3449556828 0 0 0
1652323906.3549618721 0 0 0
1652323906.3649640083 0 0 0
1652323906.3749685287 0 0 0
1652323906.3849751949 0 0 0
1652323906.3949775696 0 0 0
1652323906.40498209 0 0 0
1652323906.4149882793 0 0 0
1652323906.4249901772 0 0 0
1652323906.4354784489 0 0 0
1652323906.4349942207 0 0 0
1652323906.4450001717 0 0 0
1652323906.4550023079 0 0 0
1652323906.4650065899 0 0 0
1652323906.4750125408 0 0 0
1652323906.485014677 0 0 0
1652323906.4950191975 0 0 0
1652323906.5050256252 0 0 0
1652323906.5150277615 0 0 0
1652323906.5250322819 0 0 0
1652323906.5349857807 0 0 0
1652323906.5350387096 0 0 0
1652323906.5450408459 0 0 0
1652323906.5550448895 0 0 0
1652323906.5650508404 0 0 0
1652323906.5750527382 0 0 0
1652323906.5850627422 0 0 0
1652323906.5950689316 0 0 0
1652323906.6050708294 0 0 0
1652323906.615074873 0 0 0
1652323906.6250808239 0 0 0
1652323906.633967638 0 0 0
1652323906.6350829601 0 0 0
1652323906.6450874805 0 0 0
1652323906.6550936699 0 0 0
1652323906.6650955677 0 0 0
1652323906.6750996113 0 0 0
1652323906.6851055622 0 0 0
1652323906.6951076984 0 0 0
1652323906.7051115036 0 0 0
1652323906.7151174545 0 0 0
1652323906.7251195908 0 0 0
1652323906.7330868244 0 0 0
1652323906.7351233959 0 0 0
1652323906.7451295853 0 0 0
1652323906.7551314831 0 0 0
1652323906.7651352882 0 0 0
1652323906.7751414776 0 0 0
1652323906.7851436138 0 0 0
1652323906.7951476574 0 0 0
1652323906.8051593304 0 0 0
1652323906.8151612282 0 0 0
1652323906.8251652718 0 0 0
1652323906.8319294453 0 0 0
1652323906.8351712227 0 0 0
1652323906.8451733589 0 0 0
1652323906.8551771641 0 0 0
1652323906.865183115 0 0 0
1652323906.8751852512 0 0 0
1652323906.8851890564 0 0 0
1652323906.8951952457 0 0 0
1652323906.9051971436 0 0 0
1652323906.9152009487 0 0 0
1652323906.931024313 0 0 0
1652323906.9352090359 0 0 0
1652323906.945212841 0 0 0
1652323906.955218792 0 0 0
1652323906.9652209282 0 0 0
1652323906.9752244949 0 0 0
1652323906.9852306843 0 0 0
1652323906.9952328205 0 0 0
1652323907.0052366257 0 0 0
1652323907.015242815 0 0 0
1652323907.0298802853 0 0 0
1652323907.0252506733 0 0 0
1652323907.0352547169 0 0 0
1652323907.0452604294 0 0 0
1652323907.0552625656 0 0 0
1652323907.0652663708 0 0 0
1652323907.0752725601 0 0 0
1652323907.0852746964 0 0 0
1652323907.0952782631 0 0 0
1652323907.1052844524 0 0 0
1652323907.1152865887 0 0 0
1652323907.1286642551 0 0 0
1652323907.1352963448 0 0 0
1652323907.145298481 0 0 0
1652323907.1582994461 0 0 0
1652323907.168302536 0 0 0
1652323907.1783072948 0 0 0
1652323907.1883084774 0 0 0
1652323907.1983113289 0 0 0
1652323907.2083163261 0 0 0
1652323907.2183170319 0 0 0
1652323907.2275648117 0 0 0
1652323907.2283198833 0 0 0
1652323907.2383308411 0 0 0
1652323907.2483317852 0 0 0
1652323907.2583343983 0 0 0
1652323907.2683396339 0 0 0
1652323907.2783403397 0 0 0
1652323907.2883431911 0 0 0
1652323907.2983481884 0 0 0
1652323907.308349371 0 0 0
1652323907.3183522224 0 0 0
1652323907.3283572197 0 0 0
1652323907.3374574184 0 0 0
1652323907.3383581638 0 0 0
1652323907.3483610153 0 0 0
1652323907.3583657742 0 0 0
1652323907.3683664799 0 0 0
1652323907.3783693314 0 0 0
1652323907.3883743286 0 0 0
1652323907.3983752728 0 0 0
1652323907.4083781242 0 0 0
1652323907.4183831215 0 0 0
1652323907.4283840656 0 0 0
1652323907.4361975193 0 0 0
1652323907.4383871555 0 0 0
1652323907.4483919144 0 0 0
1652323907.4583990574 0 0 0
1652323907.4684023857 0 0 0
1652323907.4784071445 0 0 0
1652323907.4884078503 0 0 0
1652323907.4984107018 0 0 0
1652323907.508415699 0 0 0
1652323907.5184166431 0 0 0
1652323907.5284194946 0 0 0
1652323907.5351641178 0 0 0
1652323907.5384244919 0 0 0
1652323907.548425436 0 0 0
1652323907.5584285259 0 0 0
1652323907.5684337616 0 0 0
1652323907.5784342289 0 0 0
1652323907.5884373188 0 0 0
1652323907.5984423161 0 0 0
1652323907.6084430218 0 0 0
1652323907.6184458733 0 0 0
1652323907.6284503937 0 0 0
1652323907.6343076229 0 0 0
1652323907.638450861 0 0 0
1652323907.6484539509 0 0 0
1652323907.6584589481 0 0 0
1652323907.6684658527 0 0 0
1652323907.6784689426 0 0 0
1652323907.6884739399 0 0 0
1652323907.6984746456 0 0 0
1652323907.7084777355 0 0 0
1652323907.7184827328 0 0 0
1652323907.7284836769 0 0 0
1652323907.7341365814 0 0 0
1652323907.7384865284 0 0 0
1652323907.7484912872 0 0 0
1652323907.7584917545 0 0 0
1652323907.7684943676 0 0 0
1652323907.7784991264 0 0 0
1652323907.7884995937 0 0 0
1652323907.7985024452 0 0 0
1652323907.8085069656 0 0 0
1652323907.8185074329 0 0 0
1652323907.8285105228 0 0 0
1652323907.8322277069 0 0 0
1652323907.8385155201 0 0 0
1652323907.8485164642 0 0 0
1652323907.8585193157 0 0 0
1652323907.8685245514 0 0 0
1652323907.8785309792 0 0 0
1652323907.8885335922 0 0 0
1652323907.8985378742 0 0 0
1652323907.9085383415 0 0 0
1652323907.9185409546 0 0 0
1652323907.9319639206 0 0 0
1652323907.9285457134 0 0 0
1652323907.9385464191 0 0 0
1652323907.9485492706 0 0 0
1652323907.9585540295 0 0 0
1652323907.9685547352 0 0 0
1652323907.9785575867 0 0 0
1652323907.9885625839 0 0 0
1652323907.9985635281 0 0 0
1652323908.008566618 0 0 0
1652323908.0185713768 0 0 0
1652323908.0285718441 0 0 0
1652323908.0308094025 0 0 0
1652323908.0385746956 0 0 0
1652323908.0485789776 0 0 0
1652323908.0585794449 0 0 0
1652323908.068582058 0 0 0
1652323908.0785868168 0 0 0
1652323908.0885872841 0 0 0
1652323908.0985956192 0 0 0
1652323908.108600378 0 0 0
1652323908.1216037273 0 0 0
1652323908.1297297478 0 0 0
1652323908.1316096783 0 0 0
1652323908.1416110992 0 0 0
1652323908.1516144276 0 0 0
1652323908.1616199017 0 0 0
1652323908.1716217995 0 0 0
1652323908.1816253662 0 0 0
1652323908.1916306019 0 0 0
1652323908.2016322613 0 0 0
1652323908.211635828 0 0 0
1652323908.2216410637 0 0 0
1652323908.2287204266 0 0 0
1652323908.2316427231 0 0 0
1652323908.2416460514 0 0 0
1652323908.2516515255 0 0 0
1652323908.2616529465 0 0 0
1652323908.2716567516 0 0 0
1652323908.2816624641 0 0 0
1652323908.2916638851 0 0 0
1652323908.3016672134 0 0 0
1652323908.3116729259 0 0 0
1652323908.327747345 0 0 0
1652323908.321680069 0 0 0
1652323908.3316836357 0 0 0
1652323908.3416891098 0 0 0
1652323908.3516907692 0 0 0
1652323908.3616940975 0 0 0
1652323908.3716995716 0 0 0
1652323908.381701231 0 0 0
1652323908.3917045593 0 0 0
1652323908.4017100334 0 0 0
1652323908.4117114544 0 0 0
1652323908.4217150211 0 0 0
1652323908.4373781681 0 0 0
1652323908.4417219162 0 0 0
1652323908.4517250061 0 0 0
1652323908.4617304802 0 0 0
1652323908.4717321396 0 0 0
1652323908.4817354679 0 0 0
1652323908.491740942 0 0 0
1652323908.5017426014 0 0 0
1652323908.5117456913 0 0 0
1652323908.5217516422 0 0 0
1652323908.5317530632 0 0 0
1652323908.5363240242 0 0 0
1652323908.5417563915 0 0 0
1652323908.5517618656 0 0 0
1652323908.5617632866 0 0 0
1652323908.5717670918 0 0 0
1652323908.5817725658 0 0 0
1652323908.5917739868 0 0 0
1652323908.6017773151 0 0 0
1652323908.6117830276 0 0 0
1652323908.6217842102 0 0 0
1652323908.6317877769 0 0 0
1652323908.6359658241 0 0 0
1652323908.641793251 0 0 0
1652323908.6517949104 0 0 0
1652323908.6617984772 0 0 0
1652323908.6718037128 0 0 0
1652323908.6798071861 0 0 0
1652323908.6898126602 0 0 0
1652323908.6998200417 0 0 0
1652323908.7098231316 0 0 0
1652323908.7198288441 0 0 0
1652323908.734869957 0 0 0
1652323908.7298362255 0 0 0
1652323908.7398397923 0 0 0
1652323908.7498512268 0 0 0
1652323908.7598583698 0 0 0
1652323908.769862175 0 0 0
1652323908.7798674107 0 0 0
1652323908.7898750305 0 0 0
1652323908.7998781204 0 0 0
1652323908.8098833561 0 0 0
1652323908.8198907375 0 0 0
1652323908.8298938274 0 0 0
1652323908.8332998753 0 0 0
1652323908.8398993015 0 0 0
1652323908.849906683 0 0 0
1652323908.8599097729 0 0 0
1652323908.8699157238 0 0 0
1652323908.8799228668 0 0 0
1652323908.8899264336 0 0 0
1652323908.8999319077 0 0 0
1652323908.9099395275 0 0 0
1652323908.9199426174 0 0 0
1652323908.9329402447 0 0 0
1652323908.9299476147 0 0 0
1652323908.9399547577 0 0 0
1652323908.9499576092 0 0 0
1652323908.9599626064 0 0 0
1652323908.9699699879 0 0 0
1652323908.9799733162 0 0 0
1652323908.9899787903 0 0 0
1652323908.9999861717 0 0 0
1652323909.0099892616 0 0 0
1652323909.0199949741 0 0 0
1652323909.0342869759 0 0 0
1652323909.0300023556 0 0 0
1652323909.0400056839 0 0 0
1652323909.0530078411 0 0 0
1652323909.0630121231 0 0 0
1652323909.0730185509 0 0 0
1652323909.0830206871 0 0 0
1652323909.0930247307 0 0 0
1652323909.1030306816 0 0 0
1652323909.1130328178 0 0 0
1652323909.123036623 0 0 0
1652323909.1308393478 0 0 0
1652323909.1330425739 0 0 0
1652323909.1430449486 0 0 0
1652323909.1530489922 0 0 0
1652323909.1630551815 0 0 0
1652323909.1730632782 0 0 0
1652323909.1830670834 0 0 0
1652323909.1930730343 0 0 0
1652323909.2030751705 0 0 0
1652323909.2130789757 0 0 0
1652323909.2291595936 0 0 0
1652323909.2330870628 0 0 0
1652323909.243090868 0 0 0
1652323909.2530970573 0 0 0
1652323909.2630989552 0 0 0
1652323909.2731027603 0 0 0
1652323909.2831091881 0 0 0
1652323909.2931113243 0 0 0
1652323909.3031153679 0 0 0
1652323909.3131213188 0 0 0
1652323909.323123455 0 0 0
1652323909.328805685 0 0 0
1652323909.333127737 0 0 0
1652323909.3431334496 0 0 0
1652323909.3531355858 0 0 0
1652323909.3631396294 0 0 0
1652323909.3731455803 0 0 0
1652323909.3831474781 0 0 0
1652323909.3931574821 0 0 0
1652323909.4031636715 0 0 0
1652323909.4131655693 0 0 0
1652323909.4231696129 0 0 0
1652323909.4276914597 0 0 0
1652323909.4331755638 0 0 0
1652323909.4431774616 0 0 0
1652323909.4531815052 0 0 0
1652323909.4631872177 0 0 0
1652323909.4731895924 0 0 0
1652323909.4831936359 0 0 0
1652323909.4931995869 0 0 0
1652323909.5032017231 0 0 0
1652323909.5132057667 0 0 0
1652323909.5232114792 0 0 0
1652323909.5332136154 0 0 0
1652323909.5374157429 0 0 0
1652323909.543217659 0 0 0
1652323909.5532236099 0 0 0
1652323909.5632255077 0 0 0
1652323909.5732295513 0 0 0
1652323909.5832355022 0 0 0
1652323909.5932371616 0 0 0
1652323909.6032412052 0 0 0
1652323909.613253355 0 0 0
1652323909.6232554913 0 0 0
1652323909.6365699768 0 0 0
1652323909.6332597733 0 0 0
1652323909.6432657242 0 0 0
1652323909.6532678604 0 0 0
1652323909.663271904 0 0 0
1652323909.6732778549 0 0 0
1652323909.6832799911 0 0 0
1652323909.6932837963 0 0 0
1652323909.7032895088 0 0 0
1652323909.7132914066 0 0 0
1652323909.7232954502 0 0 0
1652323909.7352619171 0 0 0
1652323909.7333014011 0 0 0
1652323909.7433035374 0 0 0
1652323909.7533073425 0 0 0
1652323909.7633132935 0 0 0
1652323909.7733156681 0 0 0
1652323909.7833192348 0 0 0
1652323909.7933254242 0 0 0
1652323909.8033275604 0 0 0
1652323909.8133313656 0 0 0
1652323909.8233373165 0 0 0
1652323909.8350293636 0 0 0
1652323909.8333451748 0 0 0
1652323909.8433489799 0 0 0
1652323909.853354454 0 0 0
1652323909.8633561134 0 0 0
1652323909.873360157 0 0 0
1652323909.8833661079 0 0 0
1652323909.8933680058 0 0 0
1652323909.9033720493 0 0 0
1652323909.9133780003 0 0 0
1652323909.9233798981 0 0 0
