1660596635.7584762573 0 0 0
1660596635.8241479397 0 0 0
1660596635.9014294147 0 0 0
1660596635.9779717922 0 0 0
1660596636.055475235 0 0 0
1660596636.1210737228 0 0 0
1660596636.1984083652 0 0 0
1660596636.2645413876 0 0 0
1660596636.3303899765 0 0 0
1660596636.4075989723 0 0 0
1660596636.4733381271 0 0 0
1660596636.5502483845 0 0 0
1660596636.6272890568 0 0 0
1660596636.7046170235 0 0 0
1660596636.7704253197 0 0 0
1660596636.836148262 0 0 0
1660596636.9135322571 0 0 0
1660596636.9794442654 0 0 0
1660596637.0451097488 0 0 0
1660596637.122633934 0 0 0
1660596637.1885790825 0 0 0
1660596637.2542345524 0 0 0
1660596637.3316915035 0 0 0
1660596637.3974499702 0 0 0
1660596637.4631741047 0 0 0
1660596637.5403864384 0 0 0
1660596637.6064240932 0 0 0
1660596637.6721646786 0 0 0
1660596637.7496349812 0 0 0
1660596637.8153102398 0 0 0
1660596637.8926768303 0 0 0
1660596637.958340168 0 0 0
1660596638.0242497921 0 0 0
1660596638.0904839039 0 0 0
1660596638.1563038826 0 0 0
1660596638.2338175774 0 0 0
1660596638.299472332 0 0 0
1660596638.3769075871 0 0 0
1660596638.4427371025 0 0 0
1660596638.5081284046 0 0 0
1660596638.5855441093 0 0 0
1660596638.6514203548 0 0 0
1660596638.717559576 0 0 0
1660596638.7835350037 0 0 0
1660596638.8491475582 0 0 0
1660596638.9264545441 0 0 0
1660596638.992847681 0 0 0
1660596639.0586249828 0 0 0
1660596639.1246240139 0 0 0
1660596639.1901569366 0 0 0
1660596639.2672104836 0 0 0
1660596639.3444950581 0 0 0
1660596639.410235405 0 0 0
1660596639.4875013828 0 0 0
1660596639.553178072 0 0 0
1660596639.6191170216 0 0 0
1660596639.6966657639 0 0 0
1660596639.7623746395 0 0 0
1660596639.8397641182 0 0 0
1660596639.905400753 0 0 0
1660596639.9710156918 0 0 0
1660596640.0484080315 0 0 0
1660596640.1142935753 0 0 0
1660596640.1910738945 0 0 0
1660596640.2681214809 0 0 0
1660596640.3451807499 0 0 0
1660596640.4224386215 0 0 0
1660596640.4997477531 0 0 0
1660596640.56569314 0 0 0
1660596640.631444931 0 0 0
1660596640.6973700523 0 0 0
1660596640.7633135319 0 0 0
1660596640.8405413628 0 0 0
1660596640.9062697887 0 0 0
1660596640.9834427834 0 0 0
1660596641.060675621 0 0 0
1660596641.126683712 0 0 0
1660596641.1923303604 0 0 0
1660596641.2696192265 0.19000000000000000222 0 0
1660596641.3352770805 0.41999999999999998446 0 0
1660596641.4124233723 0.61999999999999999556 0 0
1660596641.4895939827 0.85499999999999998224 0 0
1660596641.5667998791 0.92500000000000004441 0 0
1660596641.632345438 0.89500000000000001776 0 0
1660596641.7097611427 0.8350000000000000755 0 0
1660596641.775295496 0.80000000000000004441 0 0
1660596641.8525326252 0.76500000000000001332 0 0
1660596641.9190189838 0.68500000000000005329 0 0
1660596641.98467803 0.65500000000000002665 0 0
1660596642.0502130985 0.66000000000000003109 0 0
1660596642.1275606155 0.66500000000000003553 0 0
1660596642.1936256886 0.68999999999999994671 0 0
1660596642.2591171265 0.73499999999999998668 0 0
1660596642.3257036209 0.75500000000000000444 0 0
1660596642.3917136192 0.76500000000000001332 0 0
1660596642.4576258659 0.78000000000000002665 0 0
1660596642.5230891705 0.81499999999999994671 0 0
1660596642.6000027657 0.81499999999999994671 0 0
1660596642.6778228283 0.85499999999999998224 0 0
1660596642.7433590889 0.85999999999999987566 0 0
1660596642.820625782 0.85999999999999987566 0 0
1660596642.8862352371 0.85499999999999998224 0 0
1660596642.9635090828 0.875 0 0
1660596643.0407397747 0.93999999999999994671 0 0
1660596643.106521368 1 0 0
1660596643.1720972061 1 0 0
1660596643.2495896816 1 0 0
1660596643.3264226913 1 0 0
1660596643.4034028053 1 0 0
1660596643.4807109833 1 0 0
1660596643.5465791225 1 0 0
1660596643.6235125065 1 0 0
1660596643.6895282269 1 0 0
1660596643.7551987171 1 0 0
1660596643.832593441 1 0 0
1660596643.9097878933 1 0 0
1660596643.9755246639 1 0 0
1660596644.0526616573 1 0 0
1660596644.1183977127 1 0 0
1660596644.1959133148 1 0 0
1660596644.2615056038 1 0 0
1660596644.3387420177 1 0 0
1660596644.4044220448 1 0 0
1660596644.4815282822 1 0 0
1660596644.5589473248 1 0 0
1660596644.6249401569 1 0 0
1660596644.701161623 1 0 0
1660596644.7790696621 1 0 0
1660596644.8555939198 0.99499999999999999556 0 0
1660596644.9213306904 0.9000000000000000222 0 0
1660596644.9984998703 0.9000000000000000222 0 0
1660596645.0756902695 0.99499999999999999556 0 0
1660596645.1416223049 1 0 0
1660596645.2077188492 1 0 0
1660596645.2732152939 1 0 0
1660596645.3505203724 1 0 0
1660596645.4163761139 1 0 0
1660596645.4932174683 1 0 0
1660596645.5596289635 1 0 0
1660596645.6258232594 1 0 0
1660596645.7027599812 1 0 0
1660596645.7686271667 1 0 0
1660596645.84593153 1 0 0
1660596645.9116618633 1 0 0
1660596645.9774258137 1 0 0
1660596646.0549418926 1 0 0
1660596646.1204254627 1 0 0
1660596646.1975777149 0.99499999999999999556 0 0
1660596646.2749392986 0.86499999999999999112 0 0
1660596646.3406932354 0.85999999999999987566 0 0
1660596646.4062254429 0.85999999999999987566 0 0
1660596646.4834699631 0.85999999999999987566 0 0
1660596646.5601491928 0.8499999999999999778 0 0
1660596646.6397926807 0.8499999999999999778 0 0
1660596646.7259497643 0.8499999999999999778 0 0
1660596646.7918064594 0.8499999999999999778 0 0
1660596646.8571641445 0.8499999999999999778 0 0
1660596646.9369978905 0.8499999999999999778 0 0
1660596647.0111920834 0.8499999999999999778 0 0
1660596647.088534832 0.88000000000000000444 0 0
1660596647.1656858921 0.88000000000000000444 0 0
1660596647.231572628 0.88000000000000000444 0 0
1660596647.3089270592 0.88000000000000000444 0 0
1660596647.3746781349 0.86499999999999999112 0 0
1660596647.4404892921 0.8499999999999999778 0 0
1660596647.51785779 0.8499999999999999778 0 0
1660596647.5836751461 0.8499999999999999778 0 0
1660596647.6495859623 0.8499999999999999778 0 0
1660596647.7264494896 0.78000000000000002665 0 0
1660596647.8035764694 0.78000000000000002665 0 0
1660596647.8692736626 0.7750000000000000222 0 0
1660596647.9470694065 0.7750000000000000222 0 0
1660596648.0234735012 0.78000000000000002665 0 0
1660596648.1005630493 0.78000000000000002665 0 0
1660596648.1779005527 0.78000000000000002665 0 0
1660596648.2439155579 0.78000000000000002665 0 0
1660596648.320212841 0.78000000000000002665 0 0
1660596648.3973917961 0.78000000000000002665 0 0
1660596648.4746072292 0.76000000000000000888 0 0
1660596648.5411486626 0.73999999999999999112 0 0
1660596648.6180784702 0.73499999999999998668 0 0
1660596648.6835489273 0.73499999999999998668 0 0
1660596648.7607529163 0.78000000000000002665 0 0
1660596648.8268728256 0.85999999999999987566 0 0
1660596648.8922674656 0.88000000000000000444 0 0
1660596648.9701430798 0.88000000000000000444 0 0
1660596649.046574831 0.875 0 0
1660596649.1239147186 0.875 0 0
1660596649.1894590855 0.875 0 0
1660596649.2664256096 0.88000000000000000444 0 0
1660596649.3437359333 0.875 0 0
1660596649.4101102352 0.875 0 0
1660596649.4861364365 0.88000000000000000444 0 0
1660596649.5638432503 0.88000000000000000444 0 0
1660596649.6299750805 0.93999999999999994671 0 0
1660596649.6956927776 0.97999999999999998224 0 0
1660596649.7731318474 1 0 0
1660596649.8497242928 1 0 0
1660596649.9153630733 1 0 0
1660596649.9925746918 1 0 0
1660596650.069684267 1 0 0
1660596650.135279417 1 0 0
1660596650.2128305435 1 0 0
1660596650.278519392 1 0 0
1660596650.3559916019 1 0 0
1660596650.4216947556 1 0 0
1660596650.4985198975 1 0 0
1660596650.5756554604 1 0 0
1660596650.6416816711 1 0 0
1660596650.7074894905 1 0 0
1660596650.7843346596 1 0 0
1660596650.8617582321 1 0 0
1660596650.9273340702 1 0 0
1660596651.0044357777 1 0 0
1660596651.0817651749 1 0 0
1660596651.147901535 1 0 0
1660596651.2136032581 0.94500000000000006217 0 0
1660596651.2793693542 0.97999999999999998224 0 0
1660596651.3566672802 0.96999999999999997335 0 0
1660596651.4222874641 0.98499999999999998668 0 0
1660596651.4995439053 1 0 0
1660596651.5767099857 0.95999999999999996447 0 0
1660596651.6423249245 0.77000000000000001776 0 0
1660596651.7198195457 0.71999999999999997335 0 0
1660596651.7856619358 0.7249999999999999778 0 0
1660596651.8512890339 0.67000000000000003997 0 0
1660596651.9283359051 0.63500000000000000888 0 0
1660596652.0055537224 0.68999999999999994671 0 0
1660596652.0714333057 0.81000000000000005329 0 0
1660596652.1487426758 0.84499999999999997335 0 0
1660596652.2146072388 0.95999999999999996447 0 0
1660596652.2801902294 1 0 0
1660596652.3574380875 1 0 0
1660596652.4346477985 1 0 0
1660596652.5120050907 1 0 0
1660596652.5774972439 1 0 0
1660596652.6548368931 1 0 0
1660596652.731180191 1 0 0
1660596652.808508873 1 0 0
1660596652.8856811523 1 0 0
1660596652.9512982368 1 0 0
1660596653.0285158157 1 0 0
1660596653.1057262421 1 0 0
1660596653.1716725826 1 0 0
1660596653.2489695549 1 0 0
1660596653.3148131371 1 0 0
1660596653.3806078434 1 0 0
1660596653.4575300217 1 0 0
1660596653.5348088741 1 0 0
1660596653.6002416611 1 0 0
1660596653.6775512695 1 0 0
1660596653.7545433044 1 0 0
1660596653.8316719532 1 0 0
1660596653.8975627422 0.98499999999999998668 0 0
1660596653.974874258 0.98499999999999998668 0 0
1660596654.040469408 1 0 0
1660596654.1173839569 1 0 0
1660596654.1839752197 1 0 0
1660596654.2497246265 0.84499999999999997335 0 0
1660596654.315582037 0.95999999999999996447 0 0
1660596654.3933460712 0.91500000000000003553 0 0
1660596654.4700322151 0.94500000000000006217 0 0
1660596654.5355083942 0.95999999999999996447 0 0
1660596654.6129927635 1 0 0
1660596654.689473629 1 0 0
1660596654.7667942047 1 0 0
1660596654.8325269222 1 0 0
1660596654.9097528458 1 0 0
1660596654.9755377769 1 0 0
1660596655.0526649952 1 0 0
1660596655.1182801723 1 0 0
1660596655.1953082085 1 0 0
1660596655.2730653286 1 0 0
1660596655.3386936188 1 0 0
1660596655.4154186249 1 0 0
1660596655.4928050041 1 0 0
1660596655.5588202477 1 0 0
1660596655.6244678497 1 0 0
1660596655.7015676498 1 0 0
1660596655.7789614201 0.97999999999999998224 0 0
1660596655.8447861671 0.94500000000000006217 0 0
1660596655.9218802452 0.80000000000000004441 0 0
1660596655.9878242016 0.79499999999999992895 0 0
1660596656.0651433468 0.79499999999999992895 0 0
1660596656.1308679581 0.76000000000000000888 0 0
1660596656.1965632439 0.75 0 0
1660596656.2736973763 0.70999999999999996447 0 0
1660596656.3402059078 0.71999999999999997335 0 0
1660596656.4164569378 0.71999999999999997335 0 0
1660596656.4935956001 0.79499999999999992895 0 0
1660596656.5707862377 0.78499999999999992006 0 0
1660596656.6362950802 0.8350000000000000755 0 0
1660596656.7138464451 0.8350000000000000755 0 0
1660596656.7793781757 0.8350000000000000755 0 0
1660596656.856500864 0.82499999999999995559 0 0
1660596656.9335532188 0.77000000000000001776 0 0
1660596657.0107693672 0.7750000000000000222 0 0
1660596657.0764596462 0.76000000000000000888 0 0
1660596657.1536495686 0.78000000000000002665 0 0
1660596657.2192840576 0.71999999999999997335 0 0
1660596657.2965271473 0.7249999999999999778 0 0
1660596657.3736081123 0.72999999999999998224 0 0
1660596657.4394073486 0.69500000000000006217 0 0
1660596657.5166404247 0.64000000000000001332 0 0
1660596657.5939664841 0.6500000000000000222 0 0
1660596657.6594815254 0.63000000000000000444 0 0
1660596657.736823082 0.65500000000000002665 0 0
1660596657.8136308193 0.5999999999999999778 0 0
1660596657.890566349 0.58499999999999996447 0 0
1660596657.9562745094 0.57999999999999996003 0 0
1660596658.0336079597 0.57000000000000006217 0 0
1660596658.1112349033 0.57999999999999996003 0 0
1660596658.1768798828 0.57999999999999996003 0 0
1660596658.2535741329 0.57999999999999996003 0 0
1660596658.3194978237 0.52000000000000001776 0 0
1660596658.3968882561 0.45500000000000001554 0 0
1660596658.4625246525 0.51500000000000001332 0 0
1660596658.5396263599 0.5 0 0
1660596658.6170642376 0.55500000000000004885 0 0
1660596658.6830112934 0.54500000000000003997 0 0
1660596658.7484667301 0.53000000000000002665 0 0
1660596658.8254749775 0.54500000000000003997 0 0
1660596658.9028999805 0.50500000000000000444 0 0
1660596658.9685716629 0.51500000000000001332 0 0
1660596659.034476757 0.51500000000000001332 0 0
1660596659.1118395329 0.51500000000000001332 0 0
1660596659.1775164604 0.51500000000000001332 0 0
1660596659.2547824383 0.51500000000000001332 0 0
1660596659.3205461502 0.51000000000000000888 0 0
1660596659.3980183601 0.53000000000000002665 0 0
1660596659.4637849331 0.55500000000000004885 0 0
1660596659.529419899 0.55500000000000004885 0 0
1660596659.6065104008 0.56499999999999994671 0 0
1660596659.6837813854 0.57000000000000006217 0 0
1660596659.7496850491 0.57000000000000006217 0 0
1660596659.8271226883 0.57000000000000006217 0 0
1660596659.9037616253 0.57999999999999996003 0 0
1660596659.9695608616 0.60499999999999998224 0 0
1660596660.0357139111 0.60499999999999998224 0 0
1660596660.1019487381 0.61499999999999999112 0 0
1660596660.1674625874 0.63000000000000000444 0 0
1660596660.2447075844 0.68500000000000005329 0 0
1660596660.310665369 0.63500000000000000888 0 0
1660596660.3881187439 0.61499999999999999112 0 0
1660596660.4537296295 0.61499999999999999112 0 0
1660596660.5200593472 0.60499999999999998224 0 0
1660596660.5856533051 0.60999999999999998668 0 0
1660596660.6515049934 0.66500000000000003553 0 0
1660596660.7289586067 0.68999999999999994671 0 0
1660596660.7944750786 0.82999999999999996003 0 0
1660596660.8715863228 0.86499999999999999112 0 0
1660596660.9373731613 0.88000000000000000444 0 0
1660596661.0148696899 0.88000000000000000444 0 0
1660596661.0804255009 0.85499999999999998224 0 0
1660596661.1579844952 0.83000000000000007105 0 0
1660596661.2234687805 0.79499999999999992895 0 0
1660596661.3007047176 0.79499999999999992895 0 0
1660596661.3778555393 0.78000000000000002665 0 0
1660596661.4434320927 0.78000000000000002665 0 0
1660596661.5208959579 0.77000000000000001776 0 0
1660596661.5868661404 0.76000000000000000888 0 0
1660596661.6529006958 0.73999999999999999112 0 0
1660596661.7186424732 0.73999999999999999112 0 0
1660596661.784350872 0.73999999999999999112 0 0
1660596661.8507285118 0.73999999999999999112 0 0
1660596661.9164364338 0.72999999999999998224 0 0
1660596661.9940047264 0.70499999999999996003 0 0
1660596662.0597839355 0.69500000000000006217 0 0
1660596662.1255877018 0.69500000000000006217 0 0
1660596662.2029900551 0.70999999999999996447 0 0
1660596662.2686328888 0.70999999999999996447 0 0
1660596662.3461511135 0.70999999999999996447 0 0
1660596662.4117965698 0.73499999999999998668 0 0
1660596662.4774973392 0.87000000000000010658 0 0
1660596662.5544388294 0.92500000000000004441 0 0
1660596662.631870985 0.94500000000000006217 0 0
1660596662.6975080967 0.93999999999999994671 0 0
1660596662.7750842571 1 0 0
1660596662.8406026363 1 0 0
1660596662.9177320004 1 0 0
1660596662.995080471 1 0 0
1660596663.0607438087 1 0 0
1660596663.1264259815 1 0 0
1660596663.2041196823 1 0 0
1660596663.2694432735 1 0 0
1660596663.34694314 1 0 0
1660596663.4124455452 1 0 0
1660596663.4896941185 1 0 0
1660596663.5670111179 1 0 0
1660596663.632573843 1 0 0
1660596663.7097918987 1 0 0
1660596663.7865207195 1 0 0
1660596663.8639428616 1 0 0
1660596663.9293341637 1 0 0
1660596664.0062832832 1 0 0
1660596664.0837635994 1 0 0
1660596664.1607708931 1 0 0
1660596664.2271370888 1 0 0
1660596664.2927830219 1 0 0
1660596664.3584020138 1 0 0
1660596664.4356424809 1 0 0
1660596664.5126368999 0.93999999999999994671 0 0
1660596664.5900464058 0.93999999999999994671 0 0
1660596664.6559882164 0.93999999999999994671 0 0
1660596664.7219450474 0.93999999999999994671 0 0
1660596664.7881724834 0.91500000000000003553 0 0
1660596664.8539316654 0.89000000000000001332 0 0
1660596664.9196321964 0.89000000000000001332 0 0
1660596664.9967498779 0.89000000000000001332 0 0
1660596665.0739066601 0.89000000000000001332 0 0
1660596665.1396124363 0.89000000000000001332 0 0
1660596665.2170042992 0.89000000000000001332 0 0
1660596665.2828342915 0.88000000000000000444 0 0
1660596665.3485639095 0.88000000000000000444 0 0
1660596665.4256651402 0.88000000000000000444 0 0
1660596665.5028450489 0.88000000000000000444 0 0
1660596665.5800161362 0.88000000000000000444 0 0
1660596665.6453261375 0.88000000000000000444 0 0
1660596665.7118957043 0.88000000000000000444 0 0
1660596665.7777867317 0.88000000000000000444 0 0
1660596665.8436126709 0.88000000000000000444 0 0
1660596665.9211597443 0.88000000000000000444 0 0
1660596665.9974424839 0.88000000000000000444 0 0
1660596666.0751881599 0.88000000000000000444 0 0
1660596666.14077425 0.88000000000000000444 0 0
1660596666.2175443172 0.88000000000000000444 0 0
1660596666.2837533951 0.88000000000000000444 0 0
1660596666.3494830132 0.88000000000000000444 0 0
1660596666.4267635345 0.9000000000000000222 0 0
1660596666.4932920933 0.95500000000000007105 0 0
1660596666.5699892044 1 0 0
1660596666.6471788883 1 0 0
1660596666.7129089832 1 0 0
1660596666.778783083 1 0 0
1660596666.8450844288 1 0 0
1660596666.9110736847 1 0 0
1660596666.9765350819 1 0 0
1660596667.0539302826 1 0 0
1660596667.1194941998 1 0 0
1660596667.1857364178 1 0 0
1660596667.2629346848 1 0 0
1660596667.3292915821 1 0 0
1660596667.3944489956 0.90999999999999992006 0 0
1660596667.4607121944 0.84499999999999997335 0 0
1660596667.5395507812 0.78000000000000002665 0 0
1660596667.6260249615 0.74499999999999999556 0 0
1660596667.6917304993 0.74499999999999999556 0 0
1660596667.7728159428 0.74499999999999999556 0 0
1660596667.856664896 0.74499999999999999556 0 0
1660596667.9341795444 0.8350000000000000755 0 0
1660596667.999912262 0.91500000000000003553 0 0
1660596668.0658960342 0.93999999999999994671 0 0
1660596668.1427178383 0.93999999999999994671 0 0
1660596668.220058918 0.93999999999999994671 0 0
1660596668.2855055332 0.93999999999999994671 0 0
1660596668.3520858288 0.93999999999999994671 0 0
1660596668.4179375172 0.93999999999999994671 0 0
1660596668.4837434292 0.93999999999999994671 0 0
1660596668.560759306 0.93999999999999994671 0 0
1660596668.6265554428 0.93999999999999994671 0 0
1660596668.6930835247 0.95500000000000007105 0 0
1660596668.7701995373 0.95500000000000007105 0 0
1660596668.8469319344 0.95500000000000007105 0 0
1660596668.9242904186 0.95500000000000007105 0 0
1660596669.0007295609 0.95500000000000007105 0 0
1660596669.0784482956 1 0 0
1660596669.1546537876 1 0 0
1660596669.2320508957 1 0 0
1660596669.3090009689 1 0 0
1660596669.3761777878 1 0 0
1660596669.4628677368 1 0 0
1660596669.5394976139 1 0 0
1660596669.6167869568 1 0 0
1660596669.6828858852 1 0 0
1660596669.7491033077 1 0 0
1660596669.8145844936 1 0 0
1660596669.8813767433 1 0 0
1660596669.9466350079 1 0 0
1660596670.0238924026 1 0 0
1660596670.1005268097 1 0 0
1660596670.177809 0.97999999999999998224 0 0
1660596670.2436423302 0.85499999999999998224 0 0
1660596670.3209009171 0.82000000000000006217 0 0
1660596670.3869085312 0.80000000000000004441 0 0
1660596670.4643728733 0.78499999999999992006 0 0
1660596670.5408060551 0.76500000000000001332 0 0
1660596670.6179642677 0.76500000000000001332 0 0
1660596670.6951031685 0.7750000000000000222 0 0
1660596670.7604837418 0.78000000000000002665 0 0
1660596670.8380308151 0.78499999999999992006 0 0
1660596670.9039194584 0.81000000000000005329 0 0
1660596670.9703991413 0.79499999999999992895 0 0
1660596671.0355618 0.82499999999999995559 0 0
1660596671.1128644943 0.82499999999999995559 0 0
1660596671.1902093887 0.83000000000000007105 0 0
1660596671.2559938431 0.84499999999999997335 0 0
1660596671.3221230507 0.8350000000000000755 0 0
1660596671.3878922462 0.88000000000000000444 0 0
1660596671.453766346 1 0 0
1660596671.5309913158 0.9000000000000000222 0 0
1660596671.5964019299 0.73499999999999998668 0 0
1660596671.6735811234 0.68500000000000005329 0 0
1660596671.7510313988 0.64000000000000001332 0 0
1660596671.8172464371 0.60999999999999998668 0 0
1660596671.8824408054 0.60499999999999998224 0 0
1660596671.9595618248 0.5999999999999999778 0 0
1660596672.0368757248 0.5999999999999999778 0 0
1660596672.1033747196 0.5999999999999999778 0 0
1660596672.1799244881 0.5999999999999999778 0 0
1660596672.2456657887 0.5999999999999999778 0 0
1660596672.322886467 0.59499999999999997335 0 0
1660596672.3996942043 0.5999999999999999778 0 0
1660596672.4771225452 0.5999999999999999778 0 0
1660596672.5430998802 0.5999999999999999778 0 0
1660596672.608618021 0.5999999999999999778 0 0
1660596672.6861507893 0.59499999999999997335 0 0
1660596672.7518138885 0.5999999999999999778 0 0
1660596672.828933239 0.59499999999999997335 0 0
1660596672.8945684433 0.5999999999999999778 0 0
1660596672.9720509052 0.59499999999999997335 0 0
1660596673.0376794338 0.5999999999999999778 0 0
1660596673.1150622368 0.59499999999999997335 0 0
1660596673.1813383102 0.5999999999999999778 0 0
1660596673.2469992638 0.61499999999999999112 0 0
1660596673.3127605915 0.67500000000000004441 0 0
1660596673.3896114826 0.74499999999999999556 0 0
1660596673.4669315815 0.81499999999999994671 0 0
1660596673.5325884819 0.82499999999999995559 0 0
1660596673.6097564697 0.82499999999999995559 0 0
1660596673.6869285107 0.82499999999999995559 0 0
1660596673.7526173592 0.82499999999999995559 0 0
1660596673.829782486 0.81499999999999994671 0 0
1660596673.9082975388 0.82499999999999995559 0 0
1660596673.9950473309 0.82499999999999995559 0 0
1660596674.0715591908 0.82499999999999995559 0 0
1660596674.1486661434 0.82499999999999995559 0 0
1660596674.2258665562 0.8350000000000000755 0 0
1660596674.3033912182 0.85999999999999987566 0 0
1660596674.3691766262 0.89000000000000001332 0 0
1660596674.4349901676 0.93999999999999994671 0 0
1660596674.500679493 1 0 0
1660596674.5778548717 1 0 0
1660596674.6550610065 1 0 0
1660596674.720805645 1 0 0
1660596674.7978124619 0.93999999999999994671 0 0
1660596674.8750388622 0.86499999999999999112 0 0
1660596674.9405722618 0.71999999999999997335 0 0
1660596675.0181372166 0.65500000000000002665 0 0
1660596675.0835051537 0.61499999999999999112 0 0
1660596675.1611697674 0.60499999999999998224 0 0
1660596675.2265386581 0.58999999999999996891 0 0
1660596675.3037443161 0.57000000000000006217 0 0
1660596675.3808739185 0.50500000000000000444 0 0
1660596675.4581599236 0.41999999999999998446 0 0
1660596675.5238339901 0.29500000000000003997 0 0
1660596675.590177536 0.11499999999999999112 0 0
1660596675.655765295 0 0 0
1660596675.7222049236 0 0 0
1660596675.7884132862 0 0 0
1660596675.8654763699 0 0 0
1660596675.941791296 0 0 0
1660596676.0191998482 0 0 0
1660596676.0849366188 0 0 0
1660596676.1512877941 0 0 0
1660596676.2172062397 0 0 0
1660596676.2830536366 0 0 0
1660596676.3487582207 0 0 0
1660596676.4266004562 0 0 0
1660596676.5028121471 0 0 0
1660596676.5797255039 0 0 0
1660596676.657027483 0.12499999999999994449 0 0
1660596676.7342379093 0.3250000000000000111 0 0
1660596676.7999362946 0.44000000000000000222 0 0
1660596676.8657503128 0.50500000000000000444 0 0
1660596676.9431297779 0.56499999999999994671 0 0
1660596677.0092129707 0.57000000000000006217 0 0
1660596677.0864412785 0.57000000000000006217 0 0
1660596677.1626808643 0.5999999999999999778 0 0
1660596677.2397742271 0.60499999999999998224 0 0
1660596677.316835165 0.64000000000000001332 0 0
1660596677.3940086365 0.70999999999999996447 0 0
1660596677.4598846436 0.72999999999999998224 0 0
1660596677.5384480953 0.72999999999999998224 0 0
1660596677.6141297817 0.7249999999999999778 0 0
1660596677.6797637939 0.65500000000000002665 0 0
1660596677.7571411133 0.60999999999999998668 0 0
1660596677.8232965469 0.58499999999999996447 0 0
1660596677.8893969059 0.57000000000000006217 0 0
1660596677.9550216198 0.57000000000000006217 0 0
1660596678.0207695961 0.57000000000000006217 0 0
1660596678.0866510868 0.57000000000000006217 0 0
1660596678.152610302 0.57000000000000006217 0 0
1660596678.2303295135 0.57000000000000006217 0 0
1660596678.3067290783 0.57000000000000006217 0 0
1660596678.3842356205 0.56499999999999994671 0 0
1660596678.4497363567 0.58499999999999996447 0 0
1660596678.5268626213 0.58499999999999996447 0 0
1660596678.5925583839 0.59499999999999997335 0 0
1660596678.6700091362 0.5999999999999999778 0 0
1660596678.7366397381 0.5999999999999999778 0 0
1660596678.8128452301 0.5999999999999999778 0 0
1660596678.8900604248 0.5999999999999999778 0 0
1660596678.9557621479 0.5999999999999999778 0 0
1660596679.0331935883 0.5999999999999999778 0 0
1660596679.0990979671 0.5999999999999999778 0 0
1660596679.1646749973 0.5999999999999999778 0 0
1660596679.2315437794 0.57000000000000006217 0 0
1660596679.307975769 0.57000000000000006217 0 0
1660596679.3850274086 0.57000000000000006217 0 0
1660596679.4508211613 0.57000000000000006217 0 0
1660596679.5278496742 0.57000000000000006217 0 0
1660596679.5936794281 0.57000000000000006217 0 0
1660596679.671118021 0.57000000000000006217 0 0
1660596679.7369265556 0.57000000000000006217 0 0
1660596679.8027925491 0.57000000000000006217 0 0
1660596679.879981041 0.57000000000000006217 0 0
1660596679.9455692768 0.57000000000000006217 0 0
1660596680.0229320526 0.57000000000000006217 0 0
1660596680.0886561871 0.57000000000000006217 0 0
1660596680.1662969589 0.57000000000000006217 0 0
1660596680.2320599556 0.57000000000000006217 0 0
1660596680.2979772091 0.57000000000000006217 0 0
1660596680.3754103184 0.57000000000000006217 0 0
1660596680.4412531853 0.57000000000000006217 0 0
1660596680.5069081783 0.57000000000000006217 0 0
1660596680.5841531754 0.57000000000000006217 0 0
1660596680.6498196125 0.57000000000000006217 0 0
1660596680.7272365093 0.57000000000000006217 0 0
1660596680.7930703163 0.57000000000000006217 0 0
1660596680.8588783741 0.57000000000000006217 0 0
1660596680.9247508049 0.57000000000000006217 0 0
1660596680.9910006523 0.57000000000000006217 0 0
1660596681.0568137169 0.57000000000000006217 0 0
1660596681.1340694427 0.56499999999999994671 0 0
1660596681.200283289 0.57999999999999996003 0 0
1660596681.2661764622 0.57999999999999996003 0 0
1660596681.3320047855 0.57999999999999996003 0 0
1660596681.4089584351 0.57999999999999996003 0 0
1660596681.4747133255 0.57999999999999996003 0 0
1660596681.552277565 0.57999999999999996003 0 0
1660596681.6179833412 0.57999999999999996003 0 0
1660596681.6962909698 0.57999999999999996003 0 0
1660596681.7610821724 0.57999999999999996003 0 0
1660596681.8267147541 0.58499999999999996447 0 0
1660596681.9038763046 0.58499999999999996447 0 0
1660596681.9813261032 0.5999999999999999778 0 0
1660596682.0472123623 0.6500000000000000222 0 0
1660596682.1125707626 0.75500000000000000444 0 0
1660596682.1900126934 0.84499999999999997335 0 0
1660596682.2558653355 0.84499999999999997335 0 0
1660596682.3217611313 0.84499999999999997335 0 0
1660596682.3989117146 0.84499999999999997335 0 0
1660596682.4761433601 0.8350000000000000755 0 0
1660596682.5422725677 0.84499999999999997335 0 0
1660596682.608080864 0.84499999999999997335 0 0
1660596682.6742112637 0.84499999999999997335 0 0
1660596682.7399590015 0.84499999999999997335 0 0
1660596682.8056726456 0.84499999999999997335 0 0
1660596682.8835046291 0.8350000000000000755 0 0
1660596682.9600458145 0.8350000000000000755 0 0
1660596683.0258862972 0.8350000000000000755 0 0
1660596683.1032924652 0.8350000000000000755 0 0
1660596683.1688506603 0.8350000000000000755 0 0
1660596683.235172987 0.8350000000000000755 0 0
1660596683.3015227318 0.8350000000000000755 0 0
1660596683.3673353195 0.8350000000000000755 0 0
1660596683.4330327511 0.8350000000000000755 0 0
1660596683.5101077557 0.8350000000000000755 0 0
1660596683.5765082836 0.8350000000000000755 0 0
1660596683.641988039 0.8350000000000000755 0 0
1660596683.7192547321 0.8350000000000000755 0 0
1660596683.7854096889 0.8350000000000000755 0 0
1660596683.8512256145 0.8350000000000000755 0 0
1660596683.9167525768 0.92999999999999993783 0 0
1660596683.9939143658 1 0 0
1660596684.0605876446 1 0 0
1660596684.1263797283 1 0 0
1660596684.1924250126 0.89500000000000001776 0 0
1660596684.2581887245 0.75 0 0
1660596684.3238968849 0.67000000000000003997 0 0
1660596684.4008150101 0.64000000000000001332 0 0
1660596684.4777281284 0.64000000000000001332 0 0
1660596684.5551223755 0.68999999999999994671 0 0
1660596684.6208157539 0.83000000000000007105 0 0
1660596684.6978948116 1 0 0
1660596684.7751739025 1 0 0
1660596684.8412022591 0.80000000000000004441 0 0
1660596684.9068586826 0.67999999999999993783 0 0
1660596684.9838924408 0.59499999999999997335 0 0
1660596685.0609772205 0.58499999999999996447 0 0
1660596685.1268098354 0.60499999999999998224 0 0
1660596685.2039210796 0.69500000000000006217 0 0
1660596685.2811713219 0.65500000000000002665 0 0
1660596685.3469846249 0.57000000000000006217 0 0
1660596685.4126095772 0.57000000000000006217 0 0
1660596685.4898915291 0.57000000000000006217 0 0
1660596685.5670654774 0.57000000000000006217 0 0
1660596685.633364439 0.57000000000000006217 0 0
1660596685.6996347904 0.57000000000000006217 0 0
1660596685.7652215958 0.57000000000000006217 0 0
1660596685.8311598301 0.57000000000000006217 0 0
1660596685.9082176685 0.57000000000000006217 0 0
1660596685.9736993313 0.66500000000000003553 0 0
1660596686.0508339405 0.7750000000000000222 0 0
1660596686.1171331406 0.93999999999999994671 0 0
1660596686.1939640045 0.94500000000000006217 0 0
1660596686.2713418007 0.94500000000000006217 0 0
1660596686.3370349407 0.94500000000000006217 0 0
1660596686.4142477512 0.94500000000000006217 0 0
1660596686.4799408913 0.93999999999999994671 0 0
1660596686.5574069023 0.94500000000000006217 0 0
1660596686.6236035824 0.93999999999999994671 0 0
1660596686.6997015476 0.93999999999999994671 0 0
1660596686.776645422 0.93999999999999994671 0 0
1660596686.8540837765 0.93999999999999994671 0 0
1660596686.9201278687 0.93999999999999994671 0 0
1660596686.9863228798 0.94500000000000006217 0 0
1660596687.0519142151 0.93999999999999994671 0 0
1660596687.1294476986 0.93999999999999994671 0 0
1660596687.19515872 0.93999999999999994671 0 0
1660596687.2719888687 0.94500000000000006217 0 0
1660596687.3493175507 0.94500000000000006217 0 0
1660596687.4152305126 0.95500000000000007105 0 0
1660596687.4809072018 0.95500000000000007105 0 0
1660596687.5581810474 0.95500000000000007105 0 0
1660596687.6237843037 0.94500000000000006217 0 0
1660596687.6897597313 0.95500000000000007105 0 0
1660596687.7671186924 0.94500000000000006217 0 0
1660596687.8441169262 0.94500000000000006217 0 0
1660596687.90989995 1 0 0
1660596687.9872102737 1 0 0
1660596688.0528404713 1 0 0
1660596688.1301710606 1 0 0
1660596688.1959016323 1 0 0
1660596688.2729992867 1 0 0
1660596688.3387651443 1 0 0
1660596688.415772438 1 0 0
1660596688.4931108952 1 0 0
1660596688.5587637424 1 0 0
1660596688.6361682415 1 0 0
1660596688.7018642426 1 0 0
1660596688.7790322304 1 0 0
1660596688.8449115753 1 0 0
1660596688.9220907688 1 0 0
1660596688.9881153107 1 0 0
1660596689.0537099838 1 0 0
1660596689.1312317848 1 0 0
1660596689.1974332333 1 0 0
1660596689.2631001472 1 0 0
1660596689.328795433 1 0 0
1660596689.406195879 1 0 0
1660596689.4717495441 1 0 0
1660596689.5491497517 1 0 0
1660596689.6149470806 1 0 0
1660596689.6919286251 1 0 0
1660596689.7690620422 1 0 0
1660596689.8462562561 1 0 0
1660596689.9117593765 0.76000000000000000888 0 0
1660596689.9782028198 0.56000000000000005329 0 0
1660596690.0439066887 0.36999999999999999556 0 0
1660596690.1211977005 0.17000000000000001221 0 0
1660596690.1877727509 0 0 0
1660596690.2639541626 0 0 0
1660596690.3412179947 0 0 0
1660596690.4067625999 0 0 0
1660596690.4842684269 0 0 0
1660596690.5499649048 0 0 0
1660596690.6161634922 0 0 0
1660596690.6820101738 0 0 0
1660596690.7476828098 0 0 0
1660596690.8250873089 0 0 0
1660596690.9023113251 0 0 0
1660596690.9680423737 0 0 0
1660596691.0455284119 0 0 0
1660596691.1221110821 0 0 0
1660596691.1880717278 0 0 0
1660596691.253674984 0 0 0
1660596691.3198082447 0 0 0
1660596691.3858549595 0 0 0
1660596691.4633243084 0 0 0
1660596691.5290019512 0 0 0
1660596691.6062059402 0 0 0
1660596691.6719536781 0 0 0
1660596691.7490212917 0 0 0
1660596691.8263046741 0 0 0
1660596691.8919832706 0 0 0
1660596691.9691264629 0 0 0
1660596692.0464487076 0 0 0
1660596692.1121196747 0 0 0
1660596692.189545393 0 0 0
1660596692.2554254532 0 0 0
1660596692.3212809563 0 0 0
1660596692.3873713017 0 0 0
1660596692.4532017708 0 0 0
1660596692.5193097591 0 0 0
1660596692.5849325657 0 0 0
1660596692.6622314453 0 0 0
1660596692.7280368805 0 0 0
1660596692.8053984642 0 0 0
1660596692.8727388382 0 0 0
1660596692.9481072426 0 0 0
1660596693.0139811039 0 0 0
1660596693.0912740231 0 0 0
1660596693.1569304466 0 0 0
1660596693.2347636223 0 0 0
1660596693.3004572392 0 0 0
1660596693.3661761284 0 0 0
1660596693.4432268143 0 0 0
1660596693.5088858604 0 0 0
1660596693.5860319138 0 0 0
1660596693.6636900902 0 0 0
1660596693.7294175625 0 0 0
1660596693.7953746319 0 0 0
1660596693.8611037731 0 0 0
1660596693.9269530773 0 0 0
1660596694.0061480999 0 0 0
1660596694.0814015865 0 0 0
1660596694.1476523876 0 0 0
1660596694.213290453 0 0 0
1660596694.279147625 0 0 0
1660596694.344866991 0 0 0
1660596694.4223735332 0 0 0
1660596694.488556385 0 0 0
1660596694.5542309284 0 0 0
1660596694.619799614 0 0 0
1660596694.6973764896 0 0 0
1660596694.7631061077 0 0 0
1660596694.8292045593 0 0 0
1660596694.8950369358 0 0 0
1660596694.9724590778 0 0 0
1660596695.0379953384 0 0 0
1660596695.115098238 0 0 0
1660596695.1807751656 0 0 0
1660596695.2584438324 0 0 0
1660596695.3242156506 0 0 0
1660596695.3902010918 0 0 0
1660596695.4561464787 0 0 0
1660596695.5335669518 0 0 0
1660596695.6098046303 0 0 0
1660596695.6869273186 0 0 0
1660596695.7642588615 0 0 0
1660596695.8300271034 0 0 0
1660596695.9073774815 0 0 0
1660596695.972997427 0 0 0
1660596696.0502836704 0 0 0
1660596696.1160199642 0 0 0
1660596696.1932723522 0 0 0
1660596696.2591056824 0 0 0
1660596696.3364677429 0 0 0
1660596696.4021818638 0 0 0
1660596696.4790980816 0 0 0
1660596696.5563402176 0 0 0
1660596696.6218895912 0 0 0
1660596696.699368 0 0 0
1660596696.7648429871 0 0 0
1660596696.8423202038 0 0 0
1660596696.9081189632 0 0 0
1660596696.9850478172 0 0 0
1660596697.0623378754 0 0 0
1660596697.1280066967 0 0 0
1660596697.2052390575 0 0 0
1660596697.2710175514 0 0 0
1660596697.3480944633 0 0 0
1660596697.4137988091 0 0 0
1660596697.4909112453 0 0 0
1660596697.5682151318 0 0 0
1660596697.6456100941 0 0 0
1660596697.7114024162 0 0 0
1660596697.7769958973 0 0 0
1660596697.8542292118 0 0 0
1660596697.920114994 0 0 0
1660596697.9973418713 0 0 0
1660596698.0628609657 0 0 0
1660596698.1402451992 0 0 0
1660596698.2061429024 0 0 0
1660596698.2835104465 0 0 0
1660596698.3491592407 0 0 0
1660596698.4149603844 0 0 0
1660596698.4924142361 0 0 0
1660596698.5580780506 0 0 0
1660596698.6354043484 0 0 0
1660596698.7008378506 0 0 0
1660596698.7780969143 0 0 0
1660596698.8555078506 0 0 0
1660596698.9320478439 0 0 0
1660596699.0092918873 0 0 0
1660596699.074991703 0 0 0
1660596699.1526019573 0 0 0
1660596699.2187042236 0 0 0
1660596699.2843337059 0 0 0
1660596699.3501448631 0 0 0
1660596699.427298069 0 0 0
1660596699.4928762913 0 0 0
1660596699.5592813492 0 0 0
1660596699.6253318787 0 0 0
1660596699.7027382851 0 0 0
1660596699.7683405876 0 0 0
1660596699.8338525295 0 0 0
1660596699.9112730026 0 0 0
1660596699.976978302 0 0 0
1660596700.0541195869 0 0 0
1660596700.1314926147 0 0 0
1660596700.2085726261 0 0 0
1660596700.2737870216 0 0 0
1660596700.3511593342 0 0 0
1660596700.4172503948 0 0 0
1660596700.4830136299 0 0 0
1660596700.5604331493 0 0 0
1660596700.6371836662 0 0 0
1660596700.7145876884 0 0 0
1660596700.7801148891 0 0 0
1660596700.8460643291 0 0 0
1660596700.9231760502 0 0 0
1660596701.0000448227 0 0 0
1660596701.0772531033 0 0 0
1660596701.1543705463 0 0 0
1660596701.2200021744 0 0 0
1660596701.2974352837 0 0 0
1660596701.3631005287 0 0 0
1660596701.4403977394 0 0 0
1660596701.5059938431 0 0 0
1660596701.5831155777 0 0 0
1660596701.6489925385 0 0 0
1660596701.7264509201 0 0 0
1660596701.7922790051 0 0 0
1660596701.8579900265 0 0 0
1660596701.935426712 0 0 0
1660596702.0017454624 0 0 0
1660596702.0672328472 0 0 0
1660596702.1447169781 0 0 0
1660596702.2105059624 0 0 0
1660596702.2764532566 0 0 0
1660596702.3421638012 0 0 0
1660596702.4196326733 0 0 0
1660596702.4853208065 0 0 0
1660596702.5509085655 0 0 0
1660596702.6285190582 0 0 0
1660596702.6946411133 0 0 0
1660596702.7603697777 0 0 0
1660596702.8262197971 0 0 0
1660596702.9035258293 0 0 0
1660596702.9692392349 0 0 0
1660596703.0465717316 0 0 0
1660596703.1123313904 0 0 0
1660596703.1781144142 0 0 0
1660596703.2557039261 0 0 0
1660596703.3213756084 0 0 0
1660596703.3877723217 0 0 0
1660596703.4534020424 0 0 0
1660596703.5191049576 0 0 0
1660596703.5961205959 0 0 0
1660596703.6737091541 0 0 0
1660596703.7397351265 0 0 0
1660596703.8054282665 0 0 0
1660596703.8709645271 0 0 0
1660596703.9481847286 0 0 0
1660596704.0256931782 0 0 0
1660596704.0916433334 0 0 0
1660596704.1574575901 0 0 0
1660596704.2232801914 0 0 0
1660596704.3004491329 0 0 0
1660596704.366257906 0 0 0
1660596704.4318599701 0 0 0
1660596704.4986457825 0 0 0
1660596704.5644438267 0 0 0
1660596704.6303229332 0 0 0
1660596704.69632864 0 0 0
1660596704.7619450092 0 0 0
1660596704.8395965099 0 0 0
1660596704.9053354263 0 0 0
1660596704.9711005688 0 0 0
1660596705.0485124588 0 0 0
1660596705.1143465042 0 0 0
1660596705.179959774 0 0 0
1660596705.2574551105 0 0 0
1660596705.323117733 0 0 0
1660596705.4005482197 0 0 0
1660596705.4663267136 0 0 0
1660596705.5437986851 0 0 0
1660596705.6199877262 0 0 0
1660596705.6976177692 0 0 0
1660596705.763358593 0 0 0
1660596705.8292665482 0 0 0
1660596705.9065852165 0 0 0
1660596705.9721243382 0 0 0
1660596706.0495402813 0 0 0
1660596706.1261019707 0 0 0
1660596706.2035074234 0 0 0
1660596706.2693533897 0 0 0
1660596706.335362196 0 0 0
1660596706.4010725021 0 0 0
1660596706.4783091545 0 0 0
1660596706.5441038609 0 0 0
1660596706.6211779118 0 0 0
1660596706.6985764503 0 0 0
1660596706.7641048431 0 0 0
1660596706.8410022259 0 0 0
1660596706.9182767868 0 0 0
1660596706.9956970215 0 0 0
1660596707.0614142418 0 0 0
1660596707.1269974709 0 0 0
1660596707.2044415474 0 0 0
1660596707.2701714039 0 0 0
1660596707.3475186825 0 0 0
1660596707.413120985 0 0 0
1660596707.490468502 0 0 0
1660596707.5560593605 0 0 0
1660596707.6334228516 0 0 0
1660596707.6995534897 0 0 0
1660596707.765165329 0 0 0
1660596707.842394352 0 0 0
1660596707.9080581665 0 0 0
1660596707.9855005741 0 0 0
1660596708.0510385036 0 0 0
1660596708.1288657188 0 0 0
1660596708.2051680088 0 0 0
1660596708.2824118137 0 0 0
1660596708.3595657349 0 0 0
1660596708.4250876904 0 0 0
1660596708.5026111603 0 0 0
1660596708.5795834064 0 0 0
1660596708.6450610161 0 0 0
1660596708.7224881649 0 0 0
1660596708.7883081436 0 0 0
1660596708.8539516926 0 0 0
1660596708.9312429428 0 0 0
1660596708.9970092773 0 0 0
1660596709.0742924213 0 0 0
1660596709.1519434452 0 0 0
1660596709.2177605629 0 0 0
1660596709.2835366726 0 0 0
1660596709.3499753475 0 0 0
1660596709.4262964725 0 0 0
1660596709.4922471046 0 0 0
1660596709.5695786476 0 0 0
1660596709.6355004311 0 0 0
1660596709.7011880875 0 0 0
1660596709.778542757 0 0 0
1660596709.8442153931 0 0 0
1660596709.921854496 0 0 0
1660596709.9874563217 0 0 0
1660596710.053195715 0 0 0
1660596710.1303703785 0 0 0
1660596710.1962418556 0 0 0
1660596710.2625749111 0 0 0
1660596710.3282716274 0 0 0
1660596710.4056186676 0 0 0
1660596710.4711432457 0 0 0
1660596710.5484807491 0 0 0
1660596710.6142156124 0 0 0
1660596710.6916165352 0 0 0
1660596710.7573077679 0 0 0
1660596710.8235721588 0 0 0
1660596710.8891441822 0 0 0
1660596710.9664275646 0 0 0
1660596711.0437624454 0 0 0
1660596711.1094615459 0 0 0
1660596711.1750092506 0 0 0
1660596711.2526140213 0 0 0
1660596711.3185772896 0 0 0
1660596711.3844845295 0 0 0
1660596711.4503149986 0 0 0
1660596711.5276162624 0 0 0
1660596711.5934669971 0 0 0
1660596711.659126997 0 0 0
1660596711.725110054 0 0 0
1660596711.7913477421 0 0 0
1660596711.8572018147 0 0 0
1660596711.9345347881 0 0 0
1660596712.0003004074 0 0 0
1660596712.0774900913 0 0 0
1660596712.1433932781 0 0 0
1660596712.2208118439 0 0 0
1660596712.2865760326 0 0 0
1660596712.3523225784 0 0 0
1660596712.4297823906 0 0 0
1660596712.4956200123 0 0 0
1660596712.5612850189 0 0 0
1660596712.638702631 0 0 0
1660596712.7042133808 0 0 0
1660596712.7817254066 0 0 0
1660596712.847454071 0 0 0
1660596712.9134526253 0 0 0
1660596712.9791862965 0 0 0
1660596713.0565812588 0 0 0
1660596713.1222965717 0 0 0
1660596713.1883192062 0 0 0
1660596713.265468359 0 0 0
1660596713.331353426 0 0 0
1660596713.3971467018 0 0 0
1660596713.4745101929 0 0 0
1660596713.5400855541 0 0 0
1660596713.6174051762 0 0 0
1660596713.6834716797 0 0 0
1660596713.7605946064 0 0 0
1660596713.826310873 0 0 0
1660596713.8923406601 0 0 0
1660596713.9580156803 0 0 0
1660596714.0354323387 0 0 0
1660596714.1128919125 0 0 0
1660596714.1786205769 0 0 0
1660596714.2443363667 0 0 0
1660596714.3214731216 0 0 0
1660596714.387188673 0 0 0
1660596714.4646990299 0 0 0
1660596714.5304226875 0 0 0
1660596714.597063303 0 0 0
1660596714.6730935574 0 0 0
1660596714.7506415844 0 0 0
1660596714.8169548512 0 0 0
1660596714.8824808598 0 0 0
1660596714.9482967854 0 0 0
1660596715.0255644321 0 0 0
1660596715.09121418 0 0 0
1660596715.1686327457 0 0 0
1660596715.2343797684 0 0 0
1660596715.3113987446 0 0 0
1660596715.3886501789 0 0 0
1660596715.4544699192 0 0 0
1660596715.5315525532 0 0 0
1660596715.597240448 0 0 0
1660596715.6745758057 0 0 0
1660596715.7402822971 0 0 0
1660596715.8178501129 0 0 0
1660596715.8943831921 0 0 0
1660596715.9715738297 0 0 0
1660596716.0487260818 0 0 0
1660596716.1148593426 0 0 0
1660596716.1803328991 0 0 0
1660596716.2577843666 0 0 0
