1652325603.4286561012 0 0 0
1652325603.5285577774 0 0 0
1652325603.6266958714 0 0 0
1652325603.7371537685 0 0 0
1652325603.8361179829 0 0 0
1652325603.9348709583 0 0 0
1652325604.0342073441 0 0 0
1652325604.1328263283 0 0 0
1652325604.2319188118 0 0 0
1652325604.330943346 0 0 0
1652325604.4298546314 0 0 0
1652325604.5291965008 0 0 0
1652325604.627726078 0 0 0
1652325604.7383048534 0 0 0
1652325604.8367452621 0 0 0
1652325604.9363846779 0 0 0
1652325605.0353808403 0 0 0
1652325605.1342442036 0 0 0
1652325605.2329878807 0 0 0
1652325605.3320081234 0 0 0
1652325605.4309327602 0 0 0
1652325605.529900074 0 0 0
1652325605.6287388802 0 0 0
1652325605.7277219296 0 0 0
1652325605.8276669979 0 0 0
1652325605.9374704361 0 0 0
1652325606.0361065865 0 0 0
1652325606.1352870464 0 0 0
1652325606.2337591648 0 0 0
1652325606.3330111504 0 0 0
1652325606.4317164421 0 0 0
1652325606.531365633 0 0 0
1652325606.6306612492 0 0 0
1652325606.7293121815 0 0 0
1652325606.8282182217 0 0 0
1652325606.9271714687 0 0 0
1652325607.0368323326 0 0 0
1652325607.1356666088 0 0 0
1652325607.2355108261 0 0 0
1652325607.3346471786 0 0 0
1652325607.433365345 0 0 0
1652325607.5324549675 0 0 0
1652325607.6308784485 0 0 0
1652325607.7297873497 0 0 0
1652325607.8286988735 0 0 0
1652325607.9284908772 0 0 0
1652325608.0270886421 0 0 0
1652325608.1373171806 0 0 0
1652325608.2362048626 0 0 0
1652325608.3354549408 0 0 0
1652325608.4339382648 0 0 0
1652325608.5332758427 0 0 0
1652325608.6322057247 0 0 0
1652325608.7314040661 0 0 0
1652325608.8304340839 0 0 0
1652325608.9289352894 0 0 0
1652325609.0286576748 0 0 0
1652325609.1274034977 0 0 0
1652325609.2366666794 0 0 0
1652325609.3364853859 0 0 0
1652325609.4356334209 0 0 0
1652325609.5344293118 0 0 0
1652325609.6333184242 0 0 0
1652325609.732354641 0 0 0
1652325609.8313443661 0 0 0
1652325609.9300055504 0 0 0
1652325610.028762579 0 0 0
1652325610.1281425953 0 0 0
1652325610.2271916866 0 0 0
1652325610.3367466927 0 0 0
1652325610.4362125397 0 0 0
1652325610.535582304 0 0 0
1652325610.6345851421 0 0 0
1652325610.7333102226 0 0 0
1652325610.8322930336 0 0 0
1652325610.931173563 0.089999999999999982792 0 0
1652325611.030298233 0.25 0 0
1652325611.129109621 0.23000000000000000999 0 0
1652325611.2281496525 0.23000000000000000999 0 0
1652325611.3270978928 0.16000000000000000333 0 0
1652325611.4377119541 0.16000000000000000333 0 0
1652325611.5357851982 0.19000000000000000222 0 0
1652325611.6354074478 0.25 0 0
1652325611.7345094681 0.55000000000000004441 0 0
1652325611.8333230019 0.8499999999999999778 0 0
1652325611.9323923588 0.9000000000000000222 0 0
1652325612.0317537785 0.86999999999999988454 0 0
1652325612.1303136349 0.80000000000000004441 0 0
1652325612.2297718525 0.76000000000000000888 0 0
1652325612.3282740116 0.83000000000000007105 0 0
1652325612.4270231724 0.83000000000000007105 0 0
1652325612.5377297401 0.83000000000000007105 0 0
1652325612.6366996765 0.83000000000000007105 0 0
1652325612.7353672981 0.86999999999999988454 0 0
1652325612.8346319199 0.86999999999999988454 0 0
1652325612.9329850674 0.59499999999999997335 0 0
1652325613.0324239731 0.50500000000000000444 0 0
1652325613.1312069893 0.25500000000000000444 0 0
1652325613.2300539017 0.14500000000000001776 0 0
1652325613.3290131092 0 0 0
1652325613.4281206131 0.125 0 0
1652325613.5277006626 0.20999999999999999223 0 0
1652325613.6374480724 0.36999999999999999556 0 0
1652325613.736137867 0.66500000000000003553 0 0
