1661115299.4484136105 0 0 0
1661115299.5144515038 0 0 0
1661115299.5803461075 0 0 0
1661115299.6578090191 0 0 0
1661115299.734036684 0 0 0
1661115299.8113565445 0 0 0
1661115299.888885498 0 0 0
1661115299.9546780586 0 0 0
1661115300.0203721523 0 0 0
1661115300.0976347923 0 0 0
1661115300.1632287502 0 0 0
1661115300.2403998375 0 0 0
1661115300.3061740398 0 0 0
1661115300.3836021423 0 0 0
1661115300.4492816925 0.23000000000000000999 0 0
1661115300.5266540051 0.41999999999999998446 0 0
1661115300.5923728943 0.66000000000000003109 0 0
1661115300.6580257416 0.8499999999999999778 0 0
1661115300.7352626324 1 0 0
1661115300.8124895096 1 0 0
1661115300.8781819344 0.89000000000000001332 0 0
1661115300.9553911686 0.89000000000000001332 0 0
1661115301.0322401524 0.89000000000000001332 0 0
1661115301.1094787121 0.89000000000000001332 0 0
1661115301.1759185791 0.9000000000000000222 0 0
1661115301.2521448135 0.95500000000000007105 0 0
1661115301.3294045925 1 0 0
1661115301.3950884342 1 0 0
1661115301.472440958 1 0 0
1661115301.5382897854 1 0 0
1661115301.6156167984 1 0 0
1661115301.6813640594 1 0 0
1661115301.7472653389 1 0 0
1661115301.8245801926 1 0 0
1661115301.890509367 1 0 0
1661115301.9563102722 1 0 0
1661115302.0335667133 1 0 0
1661115302.0992217064 1 0 0
1661115302.1764919758 1 0 0
1661115302.2421243191 1 0 0
1661115302.3194100857 0.95500000000000007105 0 0
1661115302.3859455585 0.95500000000000007105 0 0
1661115302.4515767097 0.95500000000000007105 0 0
1661115302.5171453953 0.95500000000000007105 0 0
1661115302.5947902203 0.95500000000000007105 0 0
1661115302.6603059769 0.99499999999999999556 0 0
1661115302.7375423908 1 0 0
1661115302.8032779694 1 0 0
1661115302.8806452751 1 0 0
1661115302.9461607933 1 0 0
1661115303.0234467983 1 0 0
1661115303.1008019447 1 0 0
1661115303.16644907 1 0 0
1661115303.2324690819 1 0 0
1661115303.2982523441 0.97999999999999998224 0 0
1661115303.3757162094 0.96999999999999997335 0 0
1661115303.4417152405 0.96999999999999997335 0 0
1661115303.5076165199 0.96999999999999997335 0 0
1661115303.5731594563 0.96999999999999997335 0 0
1661115303.6504161358 0.96999999999999997335 0 0
1661115303.7275519371 0.97999999999999998224 0 0
1661115303.7931668758 1 0 0
1661115303.8707184792 1 0 0
1661115303.9363186359 1 0 0
1661115304.0136489868 1 0 0
1661115304.0792393684 1 0 0
1661115304.1566751003 1 0 0
1661115304.2222130299 1 0 0
1661115304.299239397 1 0 0
1661115304.3767008781 1 0 0
1661115304.4422879219 1 0 0
1661115304.5194919109 1 0 0
1661115304.5854125023 1 0 0
1661115304.6628875732 0.97999999999999998224 0 0
1661115304.7284455299 0.8499999999999999778 0 0
1661115304.8057656288 0.80000000000000004441 0 0
1661115304.871691227 0.80000000000000004441 0 0
1661115304.9373736382 0.80000000000000004441 0 0
1661115305.0145645142 0.7750000000000000222 0 0
1661115305.0801267624 0.75 0 0
1661115305.1572749615 0.75 0 0
1661115305.2344207764 0.91999999999999992895 0 0
1661115305.3120288849 1 0 0
1661115305.3772389889 0.96999999999999997335 0 0
1661115305.4545061588 0.92500000000000004441 0 0
1661115305.5313310623 0.83000000000000007105 0 0
1661115305.6089406013 0.76000000000000000888 0 0
1661115305.6745762825 0.69500000000000006217 0 0
1661115305.7410197258 0.67000000000000003997 0 0
1661115305.8174977303 0.64000000000000001332 0 0
1661115305.8837864399 0.64000000000000001332 0 0
1661115305.9497857094 0.73499999999999998668 0 0
1661115306.0156233311 0.71999999999999997335 0 0
1661115306.0813002586 0.67000000000000003997 0 0
1661115306.1585168839 0.68999999999999994671 0 0
1661115306.2357742786 0.58499999999999996447 0 0
1661115306.3013906479 0.50500000000000000444 0 0
1661115306.3782498837 0.64000000000000001332 0 0
1661115306.4555273056 0.77000000000000001776 0 0
1661115306.5212626457 0.95500000000000007105 0 0
1661115306.5983757973 0.85499999999999998224 0 0
1661115306.6756169796 0.73499999999999998668 0 0
1661115306.7411460876 0.67000000000000003997 0 0
1661115306.8185172081 0.67000000000000003997 0 0
1661115306.8840792179 0.65500000000000002665 0 0
1661115306.9613633156 0.67000000000000003997 0 0
1661115307.0390636921 0.80000000000000004441 0 0
1661115307.1155076027 0.67000000000000003997 0 0
1661115307.1925714016 0.63500000000000000888 0 0
1661115307.2695639133 0.70999999999999996447 0 0
1661115307.3466441631 0.86499999999999999112 0 0
1661115307.4129350185 0.84499999999999997335 0 0
1661115307.4784209728 0.875 0 0
1661115307.555700779 0.99499999999999999556 0 0
1661115307.6214089394 0.79499999999999992895 0 0
1661115307.6871700287 0.67999999999999993783 0 0
1661115307.7644147873 0.5999999999999999778 0 0
1661115307.8301680088 0.58499999999999996447 0 0
1661115307.9073348045 0.58999999999999996891 0 0
1661115307.9843118191 0.66500000000000003553 0 0
1661115308.0617549419 0.79000000000000003553 0 0
1661115308.1273024082 0.98999999999999999112 0 0
1661115308.2049376965 1 0 0
1661115308.2705843449 1 0 0
1661115308.3477451801 0.90999999999999992006 0 0
1661115308.413228035 0.73999999999999999112 0 0
1661115308.4908127785 0.63500000000000000888 0 0
1661115308.5565755367 0.57000000000000006217 0 0
1661115308.6336283684 0.57000000000000006217 0 0
1661115308.6991422176 0.57000000000000006217 0 0
1661115308.7763102055 0.57000000000000006217 0 0
1661115308.8423576355 0.66500000000000003553 0 0
1661115308.9195356369 0.7750000000000000222 0 0
1661115308.9965822697 0.95500000000000007105 0 0
1661115309.0623049736 0.82499999999999995559 0 0
1661115309.13971138 0.70499999999999996003 0 0
1661115309.2054109573 0.5999999999999999778 0 0
1661115309.2826442719 0.56499999999999994671 0 0
1661115309.3485352993 0.51000000000000000888 0 0
1661115309.4141819477 0.45999999999999996447 0 0
1661115309.4807829857 0.38000000000000000444 0 0
1661115309.546271801 0.32000000000000006217 0 0
1661115309.623616457 0.4249999999999999889 0 0
1661115309.6892633438 0.57999999999999996003 0 0
1661115309.7664763927 0.73499999999999998668 0 0
1661115309.8437886238 0.90500000000000002665 0 0
1661115309.9095153809 0.92500000000000004441 0 0
1661115309.98609972 0.8499999999999999778 0 0
1661115310.0634586811 0.80000000000000004441 0 0
1661115310.1409378052 0.78000000000000002665 0 0
1661115310.2069735527 0.75500000000000000444 0 0
1661115310.2730410099 0.75 0 0
1661115310.3386712074 0.74499999999999999556 0 0
1661115310.4044914246 0.69500000000000006217 0 0
1661115310.4818398952 0.69500000000000006217 0 0
1661115310.5475087166 0.69500000000000006217 0 0
1661115310.6131529808 0.70499999999999996003 0 0
1661115310.6902813911 0.79499999999999992895 0 0
1661115310.7674984932 0.89000000000000001332 0 0
1661115310.8448364735 0.92999999999999993783 0 0
1661115310.9105584621 1 0 0
1661115310.9762837887 1 0 0
1661115311.0538575649 1 0 0
1661115311.1195278168 1 0 0
1661115311.1852710247 1 0 0
1661115311.2624766827 1 0 0
1661115311.339673996 1 0 0
1661115311.4053924084 1 0 0
1661115311.48285532 1 0 0
1661115311.5488398075 1 0 0
1661115311.6144609451 1 0 0
1661115311.6918931007 1 0 0
1661115311.7575399876 1 0 0
1661115311.8349871635 1 0 0
1661115311.9007897377 1 0 0
1661115311.9663631916 1 0 0
1661115312.0437347889 1 0 0
1661115312.1094930172 1 0 0
1661115312.1867072582 1 0 0
1661115312.2524988651 1 0 0
1661115312.3297424316 1 0 0
1661115312.3953864574 1 0 0
1661115312.473140955 1 0 0
1661115312.5493724346 1 0 0
1661115312.6268293858 1 0 0
1661115312.6923239231 1 0 0
1661115312.7696695328 1 0 0
1661115312.8355379105 1 0 0
1661115312.9012782574 1 0 0
1661115312.9786133766 1 0 0
1661115313.0444939137 1 0 0
1661115313.1109507084 1 0 0
1661115313.1766746044 1 0 0
1661115313.2426366806 1 0 0
1661115313.3083586693 1 0 0
1661115313.3859984875 1 0 0
1661115313.4516217709 1 0 0
1661115313.5171236992 1 0 0
1661115313.5943701267 1 0 0
1661115313.6716921329 1 0 0
1661115313.7372851372 1 0 0
1661115313.8146631718 1 0 0
1661115313.8804900646 1 0 0
1661115313.957855463 1 0 0
1661115314.0237019062 1 0 0
1661115314.1009171009 1 0 0
1661115314.1665394306 1 0 0
1661115314.232209444 1 0 0
1661115314.3095917702 1 0 0
1661115314.3756914139 1 0 0
1661115314.4415287971 1 0 0
1661115314.5072095394 1 0 0
1661115314.5844626427 1 0 0
1661115314.6618847847 1 0 0
1661115314.7276325226 1 0 0
1661115314.7935540676 1 0 0
1661115314.859359026 1 0 0
1661115314.936589241 1 0 0
1661115315.0022797585 1 0 0
1661115315.0797054768 1 0 0
1661115315.1452674866 1 0 0
1661115315.2228171825 1 0 0
1661115315.2886710167 0.93999999999999994671 0 0
1661115315.3543720245 0.82499999999999995559 0 0
1661115315.4205420017 0.7249999999999999778 0 0
1661115315.4974796772 0.67999999999999993783 0 0
1661115315.574621439 0.5999999999999999778 0 0
1661115315.6403188705 0.58499999999999996447 0 0
1661115315.7178297043 0.56499999999999994671 0 0
1661115315.7834560871 0.56499999999999994671 0 0
1661115315.8607933521 0.57000000000000006217 0 0
1661115315.9265780449 0.50500000000000000444 0 0
1661115315.9922978878 0.43499999999999999778 0 0
1661115316.0696616173 0.33499999999999996447 0 0
1661115316.1356890202 0.14500000000000001776 0 0
1661115316.2012469769 0 0 0
1661115316.2784404755 0 0 0
1661115316.3557198048 0 0 0
1661115316.4214835167 0 0 0
1661115316.4990124702 0 0 0
1661115316.5647442341 0 0 0
1661115316.6305794716 0 0 0
1661115316.7078502178 0 0 0
1661115316.7735095024 0 0 0
1661115316.8505575657 0 0 0
1661115316.9164350033 0 0 0
1661115316.9823458195 0 0 0
1661115317.0598332882 0 0 0
1661115317.1255924702 0 0 0
1661115317.1913592815 0 0 0
1661115317.2686588764 0 0 0
1661115317.3460350037 0 0 0
1661115317.4119386673 0 0 0
1661115317.4775578976 0 0 0
1661115317.5433709621 0 0 0
1661115317.6204066277 0 0 0
1661115317.6974332333 0 0 0
1661115317.7746992111 0 0 0
1661115317.8404774666 0 0 0
1661115317.9179522991 0 0 0
1661115317.9834764004 0 0 0
1661115318.0606703758 0 0 0
1661115318.1375117302 0 0 0
1661115318.2034430504 0 0 0
1661115318.2805469036 0 0 0
1661115318.3578436375 0 0 0
1661115318.4239263535 0 0 0
1661115318.4895181656 0.19000000000000000222 0 0
1661115318.5670256615 0.39000000000000001332 0 0
1661115318.6324319839 0.61999999999999999556 0 0
1661115318.709854126 0.81999999999999995115 0 0
1661115318.7755720615 1 0 0
1661115318.8415462971 1 0 0
1661115318.9187505245 1 0 0
1661115318.9849393368 1 0 0
1661115319.0506162643 1 0 0
1661115319.1278429031 1 0 0
1661115319.1937608719 1 0 0
1661115319.2595086098 0.97999999999999998224 0 0
1661115319.3368301392 0.92500000000000004441 0 0
1661115319.402525425 0.92500000000000004441 0 0
1661115319.4796023369 0.92500000000000004441 0 0
1661115319.5569424629 0.92500000000000004441 0 0
1661115319.6226792336 0.875 0 0
1661115319.6997928619 0.80000000000000004441 0 0
1661115319.7656569481 0.67500000000000004441 0 0
1661115319.8427910805 0.67000000000000003997 0 0
1661115319.9086270332 0.66000000000000003109 0 0
1661115319.9857997894 0.61999999999999999556 0 0
1661115320.0513348579 0.72999999999999998224 0 0
1661115320.128428936 0.85999999999999998668 0 0
1661115320.2058341503 0.90999999999999992006 0 0
1661115320.2714002132 0.74499999999999999556 0 0
1661115320.3486475945 0.64000000000000001332 0 0
1661115320.4146673679 0.57499999999999995559 0 0
1661115320.4916517735 0.56499999999999994671 0 0
1661115320.5572879314 0.56499999999999994671 0 0
1661115320.6345939636 0.57000000000000006217 0 0
1661115320.7122070789 0.57000000000000006217 0 0
1661115320.7886037827 0.57000000000000006217 0 0
1661115320.8655979633 0.60499999999999998224 0 0
1661115320.9427647591 0.65500000000000002665 0 0
1661115321.0085020065 0.86499999999999999112 0 0
1661115321.0742871761 1 0 0
1661115321.1518945694 1 0 0
1661115321.2174851894 1 0 0
1661115321.294667244 1 0 0
1661115321.3717141151 1 0 0
1661115321.437431097 1 0 0
1661115321.5144846439 1 0 0
1661115321.5919041634 1 0 0
1661115321.6574082375 1 0 0
1661115321.7346317768 1 0 0
1661115321.8003644943 1 0 0
1661115321.8780887127 1 0 0
1661115321.9544608593 1 0 0
1661115322.0316989422 1 0 0
1661115322.0977902412 1 0 0
1661115322.1632537842 1 0 0
1661115322.2412040234 1 0 0
1661115322.3174760342 1 0 0
1661115322.3947050571 1 0 0
1661115322.4603807926 1 0 0
1661115322.5378503799 1 0 0
1661115322.6037192345 1 0 0
1661115322.6694250107 1 0 0
1661115322.7467243671 1 0 0
1661115322.8123650551 1 0 0
1661115322.8896911144 1 0 0
1661115322.9664165974 1 0 0
1661115323.0432369709 1 0 0
1661115323.1097962856 1 0 0
1661115323.1757228374 1 0 0
1661115323.2415587902 1 0 0
1661115323.3189706802 1 0 0
1661115323.3850467205 1 0 0
1661115323.451038599 1 0 0
1661115323.5167717934 1 0 0
1661115323.5826702118 0.89500000000000001776 0 0
1661115323.6518244743 0.89000000000000001332 0 0
1661115323.7364809513 0.82499999999999995559 0 0
1661115323.8136050701 0.68500000000000005329 0 0
1661115323.8793652058 0.58999999999999996891 0 0
1661115323.9563777447 0.57000000000000006217 0 0
1661115324.0339617729 0.57000000000000006217 0 0
1661115324.0994796753 0.64000000000000001332 0 0
1661115324.1763308048 0.68500000000000005329 0 0
1661115324.2534723282 0.7750000000000000222 0 0
1661115324.3306188583 0.95999999999999996447 0 0
1661115324.408008337 1 0 0
1661115324.4735248089 0.89500000000000001776 0 0
1661115324.5507705212 0.81499999999999994671 0 0
1661115324.6165471077 0.7750000000000000222 0 0
1661115324.6938891411 0.77000000000000001776 0 0
1661115324.7597239017 0.67500000000000004441 0 0
1661115324.8371112347 0.60999999999999998668 0 0
1661115324.9137551785 0.57999999999999996003 0 0
1661115324.9793739319 0.57999999999999996003 0 0
1661115325.0568943024 0.57999999999999996003 0 0
1661115325.1224720478 0.5999999999999999778 0 0
1661115325.1997923851 0.57000000000000006217 0 0
1661115325.2654619217 0.57000000000000006217 0 0
1661115325.3428635597 0.57000000000000006217 0 0
1661115325.4193823338 0.61999999999999999556 0 0
1661115325.4966275692 0.72999999999999998224 0 0
1661115325.5740070343 0.88000000000000000444 0 0
1661115325.6395223141 0.79499999999999992895 0 0
1661115325.7165572643 0.67999999999999993783 0 0
1661115325.7939686775 0.60499999999999998224 0 0
1661115325.8593900204 0.5999999999999999778 0 0
1661115325.9367363453 0.5999999999999999778 0 0
1661115326.0138447285 0.67500000000000004441 0 0
1661115326.0794525146 0.68999999999999994671 0 0
1661115326.156709671 0.68999999999999994671 0 0
1661115326.2341940403 0.59499999999999997335 0 0
1661115326.299885273 0.57999999999999996003 0 0
1661115326.3657479286 0.56999999999999995115 0 0
1661115326.4314763546 0.56999999999999995115 0 0
1661115326.509013176 0.57000000000000006217 0 0
1661115326.5745112896 0.66500000000000003553 0 0
1661115326.6516349316 0.7750000000000000222 0 0
1661115326.7288806438 0.6500000000000000222 0 0
1661115326.7947430611 0.5 0 0
1661115326.8719270229 0.4500000000000000111 0 0
1661115326.9376084805 0.56000000000000005329 0 0
1661115327.0149354935 0.57999999999999996003 0 0
1661115327.0804858208 0.67999999999999993783 0 0
1661115327.1577293873 0.79499999999999992895 0 0
1661115327.2349071503 0.82999999999999996003 0 0
1661115327.3010792732 0.67000000000000003997 0 0
1661115327.3669211864 0.47000000000000002887 0 0
1661115327.432444334 0.2750000000000000222 0 0
1661115327.5098469257 0.07499999999999990008 0 0
1661115327.5755858421 0 0 0
1661115327.6530065536 0 0 0
1661115327.7189388275 -0.19000000000000000222 0 0
1661115327.7847380638 0 0 0
1661115327.8619370461 0 0 0
1661115327.9275987148 0 0 0
1661115328.0049533844 0 0 0
1661115328.0706048012 0.23500000000000001443 0 0
1661115328.1480286121 0.035000000000000003331 0 0
1661115328.2134878635 0.26000000000000000888 0 0
1661115328.2908725739 0.45999999999999996447 0 0
1661115328.3565580845 0.69000000000000005773 0 0
1661115328.4336988926 0.66500000000000003553 0 0
1661115328.4995975494 0.5999999999999999778 0 0
1661115328.5768241882 0.57999999999999996003 0 0
1661115328.6425845623 0.57999999999999996003 0 0
1661115328.7193937302 0.60499999999999998224 0 0
1661115328.7967815399 0.70999999999999996447 0 0
1661115328.8625128269 0.86499999999999999112 0 0
1661115328.939614296 0.93999999999999994671 0 0
1661115329.0172328949 0.70999999999999996447 0 0
1661115329.0829670429 0.49499999999999999556 0 0
1661115329.1487782001 0.31500000000000000222 0 0
1661115329.2260406017 0.14500000000000001776 0 0
1661115329.2918624878 0.33499999999999996447 0 0
1661115329.3577377796 0.17500000000000001665 0 0
1661115329.4240579605 0 0 0
1661115329.489623785 0 0 0
1661115329.5670568943 0.2000000000000000111 0 0
1661115329.6325497627 0 0 0
1661115329.6986839771 0 0 0
1661115329.7758870125 0 0 0
1661115329.841438055 0 0 0
1661115329.9187486172 0.19500000000000003442 0 0
1661115329.9959740639 0.42499999999999993339 0 0
1661115330.0618293285 0.65500000000000002665 0 0
1661115330.1389455795 0.85499999999999998224 0 0
1661115330.20485425 0.76500000000000001332 0 0
1661115330.2705864906 0.68999999999999994671 0 0
1661115330.3480839729 0.69500000000000006217 0 0
1661115330.4140806198 0.68999999999999994671 0 0
1661115330.4797744751 0.69500000000000006217 0 0
1661115330.5455379486 0.67000000000000003997 0 0
1661115330.6230983734 0.67000000000000003997 0 0
1661115330.6886761189 0.67000000000000003997 0 0
1661115330.7658741474 0.67000000000000003997 0 0
1661115330.8432614803 0.67000000000000003997 0 0
1661115330.9090139866 0.67000000000000003997 0 0
1661115330.9745750427 0.66500000000000003553 0 0
1661115331.0518808365 0.66500000000000003553 0 0
1661115331.117764473 0.66500000000000003553 0 0
1661115331.1837806702 0.67000000000000003997 0 0
1661115331.2609994411 0.67500000000000004441 0 0
1661115331.3274104595 0.70999999999999996447 0 0
1661115331.4037582874 0.74499999999999999556 0 0
1661115331.481013298 0.8350000000000000755 0 0
1661115331.5467591286 0.95999999999999996447 0 0
1661115331.624162674 1 0 0
1661115331.6899738312 1 0 0
1661115331.7556593418 1 0 0
1661115331.8329133987 1 0 0
1661115331.8986983299 1 0 0
1661115331.9645984173 1 0 0
1661115332.0417659283 1 0 0
1661115332.1190950871 1 0 0
1661115332.1849839687 1 0 0
1661115332.2508819103 1 0 0
1661115332.3164355755 1 0 0
1661115332.393914938 1 0 0
1661115332.4594292641 1 0 0
1661115332.5365664959 1 0 0
1661115332.6141819954 1 0 0
1661115332.6798987389 1 0 0
1661115332.7456185818 1 0 0
1661115332.8230166435 1 0 0
1661115332.8890087605 1 0 0
1661115332.9547691345 1 0 0
1661115333.0204474926 1 0 0
1661115333.097370863 1 0 0
1661115333.174500227 0.94500000000000006217 0 0
1661115333.2519333363 0.90999999999999992006 0 0
1661115333.3176319599 0.875 0 0
1661115333.3947150707 0.86499999999999999112 0 0
1661115333.4719495773 0.86499999999999999112 0 0
1661115333.5379390717 0.875 0 0
1661115333.6036298275 0.94500000000000006217 0 0
1661115333.6808223724 1 0 0
1661115333.7578094006 1 0 0
1661115333.8236372471 1 0 0
1661115333.9008741379 1 0 0
1661115333.9782297611 1 0 0
1661115334.0441811085 1 0 0
1661115334.1099586487 1 0 0
1661115334.1755213737 1 0 0
1661115334.2419216633 1 0 0
1661115334.3075964451 1 0 0
1661115334.3848390579 1 0 0
1661115334.4506969452 1 0 0
1661115334.5279798508 1 0 0
1661115334.5937414169 1 0 0
1661115334.659457922 1 0 0
1661115334.7370576859 1 0 0
1661115334.8027851582 1 0 0
1661115334.8798718452 1 0 0
1661115334.9454629421 1 0 0
1661115335.023252964 1 0 0
1661115335.0890290737 1 0 0
1661115335.1545133591 1 0 0
1661115335.2319655418 0.89500000000000001776 0 0
1661115335.2974205017 0.78499999999999992006 0 0
1661115335.3642487526 0.70499999999999996003 0 0
1661115335.4295051098 0.67000000000000003997 0 0
1661115335.5070688725 0.60499999999999998224 0 0
1661115335.5728387833 0.58499999999999996447 0 0
1661115335.650331974 0.56499999999999994671 0 0
1661115335.7269115448 0.56499999999999994671 0 0
1661115335.7927234173 0.56499999999999994671 0 0
1661115335.8700797558 0.56000000000000005329 0 0
1661115335.9362142086 0.51500000000000001332 0 0
1661115336.0018880367 0.4500000000000000111 0 0
1661115336.0674419403 0.35999999999999998668 0 0
1661115336.1449251175 0.21499999999999996891 0 0
1661115336.2105920315 0 0 0
1661115336.2878782749 0 0 0
1661115336.3652117252 0 0 0
1661115336.4309854507 0 0 0
1661115336.4966394901 0 0 0
1661115336.5626609325 0 0 0
1661115336.6400878429 0 0 0
1661115336.7056689262 0 0 0
1661115336.7831308842 0 0 0
1661115336.8486459255 0 0 0
1661115336.9259917736 0 0 0
1661115336.9916729927 0 0 0
1661115337.0690991879 0 0 0
1661115337.1348099709 0 0 0
1661115337.2006661892 0 0 0
1661115337.2779495716 0 0 0
1661115337.3550770283 0 0 0
1661115337.4317176342 0 0 0
1661115337.5090095997 0 0 0
1661115337.5748515129 0 0 0
1661115337.6404674053 0 0 0
1661115337.7178359032 0 0 0
1661115337.7838304043 0 0 0
1661115337.8609452248 0 0 0
1661115337.9266860485 0 0 0
1661115338.0041718483 0 0 0
1661115338.0698816776 0 0 0
1661115338.1470811367 0 0 0
1661115338.2126767635 0 0 0
1661115338.2901377678 0 0 0
1661115338.3557856083 0 0 0
1661115338.4217262268 0 0 0
1661115338.4989595413 0 0 0
1661115338.5646870136 0 0 0
1661115338.6417016983 0 0 0
1661115338.7190818787 0 0 0
1661115338.7849199772 0 0 0
1661115338.8505792618 0 0 0
1661115338.9276444912 0 0 0
1661115339.0051453114 0 0 0
1661115339.0705757141 0 0 0
1661115339.1479663849 0.19500000000000000666 0 0
1661115339.2138190269 0 0 0
1661115339.2910871506 0 0 0
1661115339.356757164 0 0 0
1661115339.4338314533 0 0 0
1661115339.4997186661 0 0 0
1661115339.5772471428 0.19500000000000000666 0 0
1661115339.6429684162 -0.02999999999999999889 0 0
1661115339.7087836266 0 0 0
1661115339.7858114243 0 0 0
1661115339.8630788326 0 0 0
1661115339.9288475513 0 0 0
1661115340.0062077045 0 0 0
1661115340.0717530251 0.23000000000000000999 0 0
1661115340.1492030621 0.41999999999999998446 0 0
1661115340.2148418427 0.66000000000000003109 0 0
1661115340.2805204391 0.8499999999999999778 0 0
1661115340.3577644825 1 0 0
1661115340.4350323677 1 0 0
1661115340.5122003555 1 0 0
1661115340.5778217316 0.98499999999999998668 0 0
1661115340.6556723118 0.98499999999999998668 0 0
1661115340.7319777012 0.78499999999999992006 0 0
1661115340.798055172 0.65500000000000002665 0 0
1661115340.8638179302 0.65500000000000002665 0 0
1661115340.9296360016 0.67000000000000003997 0 0
1661115341.0074515343 0.70999999999999996447 0 0
1661115341.0731053352 0.85999999999999987566 0 0
1661115341.1393713951 1 0 0
1661115341.2158322334 1 0 0
1661115341.2934148312 1 0 0
1661115341.359120369 1 0 0
1661115341.4357719421 0.9000000000000000222 0 0
1661115341.5127289295 0.78499999999999992006 0 0
1661115341.5793423653 0.7249999999999999778 0 0
1661115341.655601263 0.71999999999999997335 0 0
1661115341.7223894596 0.67999999999999993783 0 0
1661115341.7880032063 0.64000000000000001332 0 0
1661115341.8651795387 0.72999999999999998224 0 0
1661115341.9313325882 0.89500000000000001776 0 0
1661115341.996815443 1 0 0
1661115342.0740244389 0.91500000000000003553 0 0
1661115342.1512875557 0.92500000000000004441 0 0
1661115342.2172574997 0.8350000000000000755 0 0
1661115342.2829606533 0.76000000000000000888 0 0
1661115342.3489468098 0.73499999999999998668 0 0
1661115342.414629221 0.67000000000000003997 0 0
1661115342.4917850494 0.66500000000000003553 0 0
1661115342.5691273212 0.75 0 0
1661115342.6346929073 0.91999999999999992895 0 0
1661115342.7120029926 1 0 0
1661115342.7776491642 1 0 0
1661115342.8545084 1 0 0
1661115342.9315652847 1 0 0
1661115343.0087442398 1 0 0
1661115343.0859501362 1 0 0
1661115343.1521708965 0.98499999999999998668 0 0
1661115343.2178037167 0.85499999999999998224 0 0
1661115343.2947552204 0.75500000000000000444 0 0
1661115343.3720574379 0.73499999999999998668 0 0
1661115343.4376118183 0.71999999999999997335 0 0
1661115343.5148875713 0.78000000000000002665 0 0
1661115343.5922248363 0.96999999999999997335 0 0
1661115343.65797925 1 0 0
1661115343.7237246037 1 0 0
1661115343.8011465073 1 0 0
1661115343.8667910099 1 0 0
1661115343.9329268932 0.98499999999999998668 0 0
1661115343.9987847805 0.96999999999999997335 0 0
1661115344.0766010284 0.96999999999999997335 0 0
1661115344.1526577473 0.91500000000000003553 0 0
1661115344.2303261757 0.89500000000000001776 0 0
1661115344.2963135242 0.85499999999999998224 0 0
1661115344.373390913 0.8499999999999999778 0 0
1661115344.4391431808 0.84499999999999997335 0 0
1661115344.504704237 0.84499999999999997335 0 0
1661115344.5707275867 0.84499999999999997335 0 0
1661115344.6480119228 0.79499999999999992895 0 0
1661115344.7136826515 0.78000000000000002665 0 0
1661115344.7910120487 0.7750000000000000222 0 0
1661115344.8568553925 0.7750000000000000222 0 0
1661115344.934119463 0.78499999999999992006 0 0
1661115344.9998641014 0.95500000000000007105 0 0
1661115345.0771481991 1 0 0
1661115345.1426546574 1 0 0
1661115345.2201519012 1 0 0
1661115345.2860040665 0.85999999999999987566 0 0
1661115345.3525834084 0.7249999999999999778 0 0
1661115345.4289877415 0.63000000000000000444 0 0
1661115345.4947035313 0.50500000000000000444 0 0
1661115345.5719344616 0.43499999999999999778 0 0
1661115345.6380457878 0.31500000000000000222 0 0
1661115345.7154502869 0.14500000000000001776 0 0
1661115345.7808382511 0 0 0
1661115345.8580601215 0 0 0
1661115345.9237315655 0 0 0
1661115346.0009167194 0 0 0
1661115346.0668270588 0 0 0
1661115346.1439352036 0 0 0
1661115346.2211194038 0 0 0
1661115346.2867105007 0 0 0
1661115346.3638820648 0 0 0
1661115346.4407012463 0 0 0
1661115346.5179641247 0 0 0
1661115346.5836315155 0 0 0
1661115346.6611666679 0 0 0
1661115346.7267251015 0 0 0
1661115346.8041017056 0 0 0
1661115346.8697383404 0.19000000000000000222 0 0
1661115346.9361774921 0.21499999999999996891 0 0
1661115347.0017719269 0.21499999999999996891 0 0
1661115347.0791716576 0.19000000000000000222 0 0
1661115347.1448516846 0.36499999999999999112 0 0
1661115347.2225914001 0.53000000000000002665 0 0
1661115347.2990546227 0.73999999999999999112 0 0
1661115347.3758842945 0.95500000000000007105 0 0
1661115347.4533658028 0.83000000000000007105 0 0
1661115347.5193417072 0.68500000000000005329 0 0
1661115347.5851089954 0.58499999999999996447 0 0
1661115347.650737524 0.5 0 0
1661115347.7281219959 0.48499999999999998668 0 0
1661115347.7938034534 0.38500000000000000888 0 0
1661115347.8712205887 0.33499999999999996447 0 0
1661115347.9373426437 0.3499999999999999778 0 0
1661115348.0031108856 0.375 0 0
1661115348.06889534 0.39500000000000001776 0 0
1661115348.1457929611 0.52000000000000001776 0 0
1661115348.223044157 0.70999999999999996447 0 0
1661115348.2886962891 0.88500000000000000888 0 0
1661115348.3662154675 0.91999999999999992895 0 0
1661115348.4431328773 0.74499999999999999556 0 0
1661115348.5203680992 0.625 0 0
1661115348.5858783722 0.57000000000000006217 0 0
1661115348.6631121635 0.57000000000000006217 0 0
1661115348.7290670872 0.51500000000000001332 0 0
1661115348.7951574326 0.44500000000000000666 0 0
1661115348.8609950542 0.41000000000000003109 0 0
1661115348.9270637035 0.41000000000000003109 0 0
1661115348.99279356 0.41000000000000003109 0 0
1661115349.0702521801 0.41000000000000003109 0 0
1661115349.1357467175 0.50500000000000000444 0 0
1661115349.2130889893 0.6500000000000000222 0 0
1661115349.2787885666 0.79000000000000003553 0 0
1661115349.3562283516 0.95500000000000007105 0 0
1661115349.421885252 0.83000000000000007105 0 0
1661115349.4991548061 0.70499999999999996003 0 0
1661115349.5760741234 0.5999999999999999778 0 0
1661115349.6531434059 0.55500000000000004885 0 0
1661115349.7198102474 0.48999999999999999112 0 0
1661115349.7959342003 0.45999999999999996447 0 0
1661115349.8616378307 0.375 0 0
1661115349.9391753674 0.24499999999999999556 0 0
1661115350.0049901009 0.21499999999999996891 0 0
1661115350.0708758831 0.21499999999999996891 0 0
1661115350.1482236385 0.094999999999999973355 0 0
1661115350.2137372494 0.07499999999999990008 0 0
1661115350.2909352779 0.05500000000000004885 0 0
1661115350.367806673 0.05500000000000004885 0 0
1661115350.4451086521 0.28499999999999997558 0 0
1661115350.5106701851 0.51000000000000000888 0 0
1661115350.5879232883 0.55000000000000004441 0 0
1661115350.6651003361 0.32000000000000000666 0 0
1661115350.730754137 0.090000000000000024425 0 0
1661115350.8083972931 0 0 0
1661115350.8744430542 0 0 0
1661115350.9399521351 0 0 0
1661115351.0171370506 0 0 0
1661115351.0828430653 0 0 0
1661115351.1600503922 0.19499999999999995115 0 0
1661115351.2373011112 0.43000000000000004885 0 0
1661115351.3030796051 0.65500000000000002665 0 0
1661115351.3690350056 0.85499999999999998224 0 0
1661115351.4463062286 1 0 0
1661115351.5121729374 0.92500000000000004441 0 0
1661115351.5782592297 0.8350000000000000755 0 0
1661115351.6438920498 0.70999999999999996447 0 0
1661115351.7214071751 0.60999999999999998668 0 0
1661115351.7871184349 0.7249999999999999778 0 0
1661115351.8641979694 0.86499999999999999112 0 0
1661115351.9298191071 1 0 0
1661115352.0066082478 1 0 0
1661115352.083874464 1 0 0
1661115352.1612536907 1 0 0
1661115352.2271130085 1 0 0
1661115352.3046810627 1 0 0
1661115352.3703987598 1 0 0
1661115352.4359676838 1 0 0
1661115352.5134203434 1 0 0
1661115352.579344511 1 0 0
1661115352.6449387074 1 0 0
1661115352.7223911285 1 0 0
1661115352.7884511948 1 0 0
1661115352.8544130325 1 0 0
1661115352.9316110611 1 0 0
1661115353.0079479218 1 0 0
1661115353.0857129097 1 0 0
1661115353.1618037224 1 0 0
1661115353.2389967442 1 0 0
1661115353.3048994541 1 0 0
1661115353.3823502064 1 0 0
1661115353.4479439259 1 0 0
1661115353.5252840519 1 0 0
1661115353.591047287 1 0 0
1661115353.6681027412 1 0 0
1661115353.7336609364 1 0 0
1661115353.8108026981 1 0 0
1661115353.8883554935 1 0 0
1661115353.9542424679 1 0 0
1661115354.0200242996 1 0 0
1661115354.0973870754 1 0 0
1661115354.1745138168 1 0 0
1661115354.2403521538 1 0 0
1661115354.3060970306 1 0 0
1661115354.3833270073 1 0 0
1661115354.4487812519 1 0 0
1661115354.5262253284 1 0 0
1661115354.5919263363 1 0 0
1661115354.669270277 1 0 0
1661115354.7353851795 1 0 0
1661115354.8119847775 1 0 0
1661115354.8895528316 1 0 0
1661115354.95535779 1 0 0
1661115355.0212814808 1 0 0
1661115355.0869326591 1 0 0
1661115355.1645371914 1 0 0
1661115355.230281353 1 0 0
1661115355.2959399223 1 0 0
1661115355.3734307289 1 0 0
1661115355.4388215542 1 0 0
1661115355.5159425735 1 0 0
1661115355.5933322906 1 0 0
1661115355.6593892574 1 0 0
1661115355.7252719402 1 0 0
1661115355.7909128666 1 0 0
1661115355.8678505421 1 0 0
1661115355.9453659058 1 0 0
1661115356.0111429691 1 0 0
1661115356.0767173767 1 0 0
1661115356.1433563232 1 0 0
1661115356.2090787888 1 0 0
1661115356.286393404 0.92500000000000004441 0 0
1661115356.352165699 0.75 0 0
1661115356.4179449081 0.64000000000000001332 0 0
1661115356.4953432083 0.51500000000000001332 0 0
1661115356.5612254143 0.43499999999999999778 0 0
1661115356.6273345947 0.33999999999999996891 0 0
1661115356.6931939125 0.18499999999999999778 0 0
1661115356.7705588341 0.005000000000000059952 0 0
1661115356.8364956379 0 0 0
1661115356.9020187855 0 0 0
1661115356.9791445732 0 0 0
1661115357.0449883938 0 0 0
1661115357.1222066879 0 0 0
1661115357.1879153252 0 0 0
1661115357.2653391361 0 0 0
1661115357.331111908 0 0 0
1661115357.3966836929 0 0 0
1661115357.4744024277 0 0 0
1661115357.5399260521 0 0 0
1661115357.6174223423 0 0 0
1661115357.6833460331 0 0 0
1661115357.7488012314 0 0 0
1661115357.8261024952 0 0 0
1661115357.9035196304 0 0 0
1661115357.9694633484 0 0 0
1661115358.0350811481 0 0 0
1661115358.1124985218 0 0 0
1661115358.1783206463 0 0 0
1661115358.2441439629 0 0 0
1661115358.3100318909 0 0 0
1661115358.3873934746 0 0 0
1661115358.4537107944 0 0 0
1661115358.530154705 0 0 0
1661115358.5958638191 0 0 0
1661115358.6731479168 0 0 0
1661115358.750500679 0 0 0
1661115358.8160541058 0 0 0
1661115358.8933060169 0 0 0
1661115358.9590291977 0 0 0
1661115359.0364456177 0 0 0
1661115359.1021585464 0 0 0
1661115359.1678991318 0 0 0
1661115359.2453374863 0 0 0
1661115359.3111174107 0 0 0
1661115359.3769299984 0 0 0
1661115359.4540205002 0 0 0
1661115359.5202777386 0 0 0
1661115359.5865106583 0 0 0
1661115359.6523630619 0 0 0
1661115359.718130827 0 0 0
1661115359.7955155373 0 0 0
1661115359.8613290787 0 0 0
1661115359.9269907475 0 0 0
1661115359.9929823875 0 0 0
1661115360.0701487064 0 0 0
1661115360.1360723972 0 0 0
1661115360.2132749557 0.19500000000000000666 0 0
1661115360.2790248394 0.42999999999999999334 0 0
1661115360.356143713 0.56499999999999994671 0 0
1661115360.4217886925 0.66000000000000003109 0 0
1661115360.4989004135 0.81000000000000005329 0 0
1661115360.5763318539 1 0 0
1661115360.6420793533 1 0 0
1661115360.7194588184 1 0 0
1661115360.7852220535 1 0 0
1661115360.8624761105 1 0 0
1661115360.9278242588 1 0 0
1661115361.0050292015 1 0 0
1661115361.0822832584 1 0 0
1661115361.1479022503 1 0 0
1661115361.2252628803 1 0 0
1661115361.2910342216 0.94500000000000006217 0 0
1661115361.3684456348 0.92500000000000004441 0 0
1661115361.4341003895 0.91500000000000003553 0 0
1661115361.5110862255 0.91500000000000003553 0 0
1661115361.5883426666 0.91500000000000003553 0 0
1661115361.6538927555 0.91500000000000003553 0 0
1661115361.731328249 0.91500000000000003553 0 0
1661115361.7970421314 0.91500000000000003553 0 0
1661115361.8745727539 0.94500000000000006217 0 0
1661115361.9403665066 1 0 0
1661115362.0062208176 1 0 0
1661115362.0723712444 1 0 0
1661115362.1378934383 1 0 0
1661115362.215086937 1 0 0
1661115362.292514801 1 0 0
1661115362.3580181599 0.92999999999999993783 0 0
1661115362.4351735115 0.92999999999999993783 0 0
1661115362.5123519897 0.92500000000000004441 0 0
1661115362.5783884525 0.92999999999999993783 0 0
1661115362.6439883709 0.92999999999999993783 0 0
1661115362.7212970257 0.92999999999999993783 0 0
1661115362.7869296074 0.97999999999999998224 0 0
1661115362.8643531799 1 0 0
1661115362.9301080704 1 0 0
1661115363.0074980259 1 0 0
1661115363.0730304718 1 0 0
1661115363.1504526138 1 0 0
1661115363.2161066532 1 0 0
1661115363.2935202122 1 0 0
1661115363.3591430187 1 0 0
1661115363.4364082813 1 0 0
1661115363.5019600391 1 0 0
1661115363.5793881416 1 0 0
1661115363.6451101303 1 0 0
1661115363.7109737396 1 0 0
1661115363.7884225845 1 0 0
1661115363.855246067 1 0 0
1661115363.9314191341 1 0 0
1661115363.9971780777 1 0 0
1661115364.0629401207 1 0 0
1661115364.1402070522 1 0 0
1661115364.2172501087 1 0 0
1661115364.2945966721 1 0 0
1661115364.3601946831 1 0 0
1661115364.4261627197 1 0 0
1661115364.5033328533 1 0 0
1661115364.5687634945 1 0 0
1661115364.6351494789 0.92500000000000004441 0 0
1661115364.7013039589 0.85999999999999987566 0 0
1661115364.7672064304 0.85999999999999987566 0 0
1661115364.8445463181 0.85999999999999987566 0 0
1661115364.9104855061 0.85999999999999987566 0 0
1661115364.9875695705 0.85999999999999987566 0 0
1661115365.0531277657 0.85999999999999987566 0 0
1661115365.119099617 0.85999999999999987566 0 0
1661115365.1963148117 0.92999999999999993783 0 0
1661115365.2620227337 1 0 0
1661115365.339495182 1 0 0
1661115365.4048485756 0.80000000000000004441 0 0
1661115365.4822740555 0.9000000000000000222 0 0
1661115365.5595259666 0.86999999999999999556 0 0
1661115365.6256933212 0.71499999999999996891 0 0
1661115365.6912035942 0.61499999999999999112 0 0
1661115365.7684652805 0.60999999999999998668 0 0
1661115365.8341038227 0.71999999999999997335 0 0
1661115365.9112069607 0.8499999999999999778 0 0
1661115365.9880490303 1 0 0
1661115366.065325737 1 0 0
1661115366.1310765743 1 0 0
1661115366.2084400654 1 0 0
1661115366.2742295265 1 0 0
1661115366.3515398502 1 0 0
1661115366.416908741 1 0 0
1661115366.4939937592 1 0 0
1661115366.5715670586 0.84499999999999997335 0 0
1661115366.6373188496 0.76000000000000000888 0 0
1661115366.7030119896 0.76500000000000001332 0 0
1661115366.7805020809 0.76500000000000001332 0 0
1661115366.8463120461 0.92999999999999993783 0 0
1661115366.9118354321 0.95999999999999996447 0 0
1661115366.9781594276 1 0 0
1661115367.0554280281 0.93999999999999994671 0 0
1661115367.1211042404 0.76000000000000000888 0 0
1661115367.1983833313 0.65500000000000002665 0 0
1661115367.2640812397 0.61999999999999999556 0 0
1661115367.3413438797 0.61999999999999999556 0 0
1661115367.4180004597 0.61999999999999999556 0 0
1661115367.4953775406 0.61999999999999999556 0 0
1661115367.5611650944 0.63000000000000000444 0 0
1661115367.6383626461 0.7249999999999999778 0 0
1661115367.7042350769 0.88500000000000000888 0 0
1661115367.7815477848 1 0 0
1661115367.8474764824 1 0 0
1661115367.9133291245 1 0 0
1661115367.9907770157 1 0 0
1661115368.0671415329 0.90999999999999992006 0 0
1661115368.1444325447 0.85999999999999987566 0 0
1661115368.2100172043 0.75 0 0
1661115368.2872085571 0.67999999999999993783 0 0
1661115368.3530704975 0.64000000000000001332 0 0
1661115368.4305472374 0.6500000000000000222 0 0
1661115368.496118784 0.6500000000000000222 0 0
1661115368.5737235546 0.67000000000000003997 0 0
1661115368.6394240856 0.70999999999999996447 0 0
1661115368.7049369812 0.73999999999999999112 0 0
1661115368.7822794914 0.88000000000000000444 0 0
1661115368.848347187 0.92999999999999993783 0 0
1661115368.9143469334 0.91500000000000003553 0 0
1661115368.980083704 0.92500000000000004441 0 0
1661115369.0572769642 0.91500000000000003553 0 0
1661115369.1231422424 0.78000000000000002665 0 0
1661115369.1999492645 0.78000000000000002665 0 0
1661115369.2774028778 0.78000000000000002665 0 0
1661115369.3431527615 0.8499999999999999778 0 0
1661115369.4205050468 0.92500000000000004441 0 0
1661115369.4866602421 1 0 0
1661115369.5524916649 1 0 0
1661115369.6184206009 1 0 0
1661115369.6840806007 1 0 0
1661115369.7613415718 1 0 0
1661115369.838552475 1 0 0
1661115369.9045026302 1 0 0
1661115369.9701862335 1 0 0
1661115370.047347784 1 0 0
1661115370.1132745743 1 0 0
1661115370.1904268265 1 0 0
1661115370.267591238 1 0 0
1661115370.3335373402 1 0 0
1661115370.3996095657 1 0 0
1661115370.4653308392 1 0 0
1661115370.5309951305 1 0 0
1661115370.6086580753 1 0 0
1661115370.6743421555 1 0 0
1661115370.7401881218 1 0 0
1661115370.8172729015 1 0 0
1661115370.8945713043 1 0 0
1661115370.9602665901 1 0 0
1661115371.0377304554 1 0 0
1661115371.1033051014 1 0 0
1661115371.1690084934 1 0 0
1661115371.2464187145 1 0 0
1661115371.3235464096 1 0 0
1661115371.3888833523 1 0 0
1661115371.4664297104 1 0 0
1661115371.5322346687 1 0 0
1661115371.60958004 1 0 0
1661115371.6750509739 1 0 0
1661115371.7526519299 1 0 0
1661115371.8185269833 1 0 0
1661115371.8840138912 1 0 0
1661115371.9614129066 1 0 0
1661115372.0380725861 1 0 0
1661115372.1153275967 1 0 0
1661115372.1813476086 1 0 0
1661115372.2474429607 1 0 0
1661115372.313426733 1 0 0
1661115372.3792259693 1 0 0
1661115372.4564833641 1 0 0
1661115372.5222928524 1 0 0
1661115372.5996723175 1 0 0
1661115372.6653833389 1 0 0
1661115372.7316615582 1 0 0
1661115372.7974970341 1 0 0
1661115372.8632564545 1 0 0
1661115372.9400610924 1 0 0
1661115373.0174171925 1 0 0
1661115373.0831394196 1 0 0
1661115373.1605086327 1 0 0
1661115373.2261638641 1 0 0
1661115373.3031177521 1 0 0
1661115373.3694374561 1 0 0
1661115373.4351687431 1 0 0
1661115373.5124611855 1 0 0
1661115373.578098774 1 0 0
1661115373.6554100513 1 0 0
1661115373.7326722145 1 0 0
1661115373.7983472347 1 0 0
1661115373.8757436275 1 0 0
1661115373.941621542 1 0 0
1661115374.0073049068 1 0 0
1661115374.0847144127 1 0 0
1661115374.150203228 0.76000000000000000888 0 0
1661115374.2275340557 0.56000000000000005329 0 0
1661115374.2931723595 0.33000000000000001554 0 0
1661115374.3704042435 0.14000000000000001332 0 0
1661115374.447439909 0 0 0
1661115374.5134861469 0 0 0
1661115374.590669632 0 0 0
1661115374.6563735008 0 0 0
1661115374.7336235046 0 0 0
1661115374.7993955612 0 0 0
1661115374.8649611473 0 0 0
1661115374.9314520359 0 0 0
1661115374.9971482754 0 0 0
1661115375.0743291378 0 0 0
1661115375.1399633884 0 0 0
1661115375.2175061703 0 0 0
1661115375.2830748558 0 0 0
1661115375.3604164124 0 0 0
1661115375.426194191 0 0 0
1661115375.5034880638 0 0 0
1661115375.5690395832 0 0 0
1661115375.6465258598 0 0 0
1661115375.7121579647 0 0 0
1661115375.7893705368 0 0 0
1661115375.8553910255 0 0 0
1661115375.9326350689 0 0 0
1661115375.9982030392 0 0 0
1661115376.0755565166 0 0 0
1661115376.1410956383 0 0 0
1661115376.2184374332 0 0 0
1661115376.2841725349 0 0 0
1661115376.3612067699 0 0 0
1661115376.4385364056 0 0 0
1661115376.5042746067 0 0 0
1661115376.5701153278 0 0 0
1661115376.6475579739 0 0 0
1661115376.7136392593 0 0 0
1661115376.7793843746 0 0 0
1661115376.8565907478 0 0 0
1661115376.9223678112 0 0 0
1661115376.9994390011 0 0 0
1661115377.065079689 0 0 0
1661115377.1423361301 0 0 0
1661115377.208966732 0 0 0
1661115377.2746517658 0 0 0
1661115377.3403308392 0 0 0
1661115377.4177525043 0 0 0
1661115377.4832613468 0 0 0
1661115377.5604543686 0 0 0
1661115377.6260254383 0 0 0
1661115377.7031600475 0 0 0
1661115377.7806241512 0 0 0
1661115377.8465349674 0 0 0
1661115377.9123179913 0 0 0
1661115377.9897153378 0 0 0
1661115378.0556094646 0 0 0
1661115378.1215884686 0 0 0
1661115378.1871504784 0 0 0
1661115378.2646844387 0 0 0
1661115378.3304748535 0 0 0
1661115378.3964595795 0 0 0
1661115378.4621129036 0 0 0
1661115378.539488554 0 0 0
1661115378.6053249836 0 0 0
1661115378.6711490154 0 0 0
1661115378.7485394478 0 0 0
1661115378.8143932819 0 0 0
1661115378.88022995 0 0 0
1661115378.9577360153 0 0 0
1661115379.0235292912 0 0 0
1661115379.0893085003 0 0 0
1661115379.1666445732 0 0 0
1661115379.2321872711 0 0 0
1661115379.3094346523 0 0 0
1661115379.3868124485 0 0 0
1661115379.4525043964 0 0 0
1661115379.518103838 0 0 0
1661115379.5952904224 0 0 0
1661115379.672475338 0 0 0
1661115379.7382676601 0 0 0
1661115379.815652132 0 0 0
1661115379.8814156055 0 0 0
1661115379.9586629868 0 0 0
1661115380.0243644714 0 0 0
1661115380.1013593674 0 0 0
1661115380.178766489 0 0 0
1661115380.2557747364 0 0 0
1661115380.3213849068 0 0 0
1661115380.3876671791 0 0 0
1661115380.4647128582 0 0 0
1661115380.5305829048 0 0 0
1661115380.6071615219 0 0 0
1661115380.6739592552 0 0 0
1661115380.7400610447 0 0 0
1661115380.8164722919 0 0 0
1661115380.8936538696 0 0 0
1661115380.9700827599 0 0 0
1661115381.0471196175 0 0 0
1661115381.1247627735 0 0 0
1661115381.1908183098 0 0 0
1661115381.2564792633 0 0 0
1661115381.3331825733 0 0 0
1661115381.3992052078 0 0 0
1661115381.4770486355 0 0 0
