1661115809.5470590591 0 0 0
1661115809.6244075298 0 0 0
1661115809.6899850368 0 0 0
1661115809.7672631741 0 0 0
1661115809.833107233 0 0 0
1661115809.9102623463 0 0 0
1661115809.97590065 0.23499999999999998668 0 0
1661115810.0532500744 0.4249999999999999889 0 0
1661115810.1187274456 0.5 0 0
1661115810.1961140633 0.56000000000000005329 0 0
1661115810.2731661797 0.5999999999999999778 0 0
1661115810.3387670517 0.69500000000000006217 0 0
1661115810.4054641724 0.78000000000000002665 0 0
1661115810.4711070061 0.85999999999999987566 0 0
1661115810.5484304428 0.96999999999999997335 0 0
1661115810.6140871048 1 0 0
1661115810.6911842823 1 0 0
1661115810.7569344044 0.89000000000000001332 0 0
1661115810.8341722488 0.84499999999999997335 0 0
1661115810.91152215 0.82499999999999995559 0 0
1661115810.97732234 0.83000000000000007105 0 0
1661115811.0544769764 0.79499999999999992895 0 0
1661115811.1202833652 0.75500000000000000444 0 0
1661115811.1859514713 0.74499999999999999556 0 0
1661115811.2632825375 0.72999999999999998224 0 0
1661115811.3287706375 0.70999999999999996447 0 0
1661115811.4060211182 0.67000000000000003997 0 0
1661115811.4833831787 0.64000000000000001332 0 0
1661115811.549069643 0.61999999999999999556 0 0
1661115811.6261610985 0.60499999999999998224 0 0
1661115811.7035937309 0.57999999999999996003 0 0
1661115811.7691538334 0.57000000000000006217 0 0
1661115811.8462283611 0.57000000000000006217 0 0
1661115811.9119012356 0.625 0 0
1661115811.9892680645 0.71999999999999997335 0 0
1661115812.0547640324 0.88000000000000000444 0 0
1661115812.1318900585 0.92999999999999993783 0 0
1661115812.2091400623 0.75 0 0
1661115812.2861278057 0.63500000000000000888 0 0
1661115812.3632757664 0.57000000000000006217 0 0
1661115812.4293291569 0.53000000000000002665 0 0
1661115812.4949586391 0.5250000000000000222 0 0
1661115812.5721848011 0.57000000000000006217 0 0
1661115812.6494982243 0.66500000000000003553 0 0
1661115812.7151026726 0.79499999999999992895 0 0
1661115812.792185545 0.90999999999999992006 0 0
1661115812.857919693 0.91500000000000003553 0 0
1661115812.9348955154 0.9000000000000000222 0 0
1661115813.0118277073 0.89500000000000001776 0 0
1661115813.0891678333 0.92999999999999993783 0 0
1661115813.1665258408 0.93999999999999994671 0 0
1661115813.2323298454 1 0 0
1661115813.29804039 1 0 0
1661115813.3753287792 0.85999999999999987566 0 0
1661115813.4410743713 0.82499999999999995559 0 0
1661115813.5069005489 0.75500000000000000444 0 0
1661115813.5729916096 0.7249999999999999778 0 0
1661115813.6504137516 0.71999999999999997335 0 0
1661115813.7160289288 0.75500000000000000444 0 0
1661115813.7933068275 0.9000000000000000222 0 0
1661115813.8589963913 1 0 0
1661115813.9363291264 0.85999999999999987566 0 0
1661115814.0022134781 0.8350000000000000755 0 0
1661115814.0679123402 0.78000000000000002665 0 0
1661115814.1451144218 0.73999999999999999112 0 0
1661115814.2224760056 0.66000000000000003109 0 0
1661115814.2880885601 0.65500000000000002665 0 0
1661115814.3653786182 0.65500000000000002665 0 0
1661115814.430880785 0.73499999999999998668 0 0
1661115814.5080378056 0.86999999999999999556 0 0
1661115814.5741922855 1 0 0
1661115814.6401467323 1 0 0
1661115814.7172548771 0.97999999999999998224 0 0
1661115814.7943792343 0.98499999999999998668 0 0
1661115814.8600072861 1 0 0
1661115814.9370193481 1 0 0
1661115815.0144622326 1 0 0
1661115815.079969883 1 0 0
1661115815.1568133831 0.94500000000000006217 0 0
1661115815.2235152721 0.85499999999999998224 0 0
1661115815.2895274162 0.82499999999999995559 0 0
1661115815.3551578522 0.75500000000000000444 0 0
1661115815.4212899208 0.80000000000000004441 0 0
1661115815.4986908436 0.5999999999999999778 0 0
1661115815.5644032955 0.36999999999999999556 0 0
1661115815.6416883469 0.17000000000000001221 0 0
1661115815.7073612213 -0.050000000000000002776 0 0
1661115815.7729744911 -0.25 0 0
1661115815.8505408764 -0.4000000000000000222 0 0
1661115815.9161598682 -0.4000000000000000222 0 0
1661115815.9934639931 -0.4000000000000000222 0 0
1661115816.0589809418 -0.4000000000000000222 0 0
1661115816.1363697052 -0.4000000000000000222 0 0
1661115816.202205658 -0.4000000000000000222 0 0
1661115816.2795441151 -0.4000000000000000222 0 0
1661115816.3454101086 -0.4000000000000000222 0 0
1661115816.4224116802 -0.4000000000000000222 0 0
1661115816.4881374836 -0.4000000000000000222 0 0
1661115816.5654690266 -0.4000000000000000222 0 0
1661115816.6310572624 -0.4000000000000000222 0 0
1661115816.7082424164 -0.4000000000000000222 0 0
1661115816.77389431 -0.4000000000000000222 0 0
1661115816.8514573574 -0.4000000000000000222 0 0
1661115816.9172887802 -0.4000000000000000222 0 0
1661115816.982875824 -0.4000000000000000222 0 0
1661115817.0598809719 -0.4000000000000000222 0 0
1661115817.1372933388 -0.4000000000000000222 0 0
1661115817.2028315067 -0.4000000000000000222 0 0
1661115817.2802577019 -0.4000000000000000222 0 0
1661115817.3460254669 -0.4000000000000000222 0 0
1661115817.4235882759 -0.4000000000000000222 0 0
1661115817.4893462658 -0.4000000000000000222 0 0
1661115817.5553352833 -0.4000000000000000222 0 0
1661115817.6213347912 -0.4000000000000000222 0 0
1661115817.6984040737 -0.4000000000000000222 0 0
1661115817.7642793655 -0.4000000000000000222 0 0
1661115817.8298361301 -0.4000000000000000222 0 0
1661115817.9071364403 -0.4000000000000000222 0 0
1661115817.9846231937 -0.4000000000000000222 0 0
1661115818.0503473282 -0.4000000000000000222 0 0
1661115818.1165089607 -0.4000000000000000222 0 0
1661115818.1821033955 -0.4000000000000000222 0 0
1661115818.259442091 -0.2000000000000000111 0 0
1661115818.3250944614 0 0 0
1661115818.4024074078 0 0 0
1661115818.4682972431 0 0 0
1661115818.534017086 0.19000000000000000222 0 0
1661115818.6111373901 0.39000000000000001332 0 0
1661115818.6884963512 0.61999999999999999556 0 0
1661115818.754117012 0.39000000000000001332 0 0
1661115818.8316762447 0.19000000000000000222 0 0
1661115818.908219099 0 0 0
1661115818.9741504192 0 0 0
1661115819.0514109135 0 0 0
1661115819.1169383526 0 0 0
1661115819.1941409111 0 0 0
1661115819.2717416286 0 0 0
1661115819.3371751308 0 0 0
1661115819.4029819965 0 0 0
1661115819.48046422 0 0 0
1661115819.546038866 0 0 0
1661115819.6234800816 0 0 0
1661115819.6890828609 0 0 0
1661115819.7663826942 0 0 0
1661115819.832079649 0 0 0
1661115819.9092700481 0 0 0
1661115819.9751353264 0 0 0
1661115820.0525536537 0 0 0
1661115820.1183533669 0 0 0
1661115820.1844158173 0 0 0
1661115820.2506890297 0 0 0
1661115820.3165426254 0 0 0
1661115820.3818938732 0 0 0
1661115820.4591126442 0 0 0
1661115820.53632617 0 0 0
1661115820.6136455536 0 0 0
1661115820.6792683601 0 0 0
1661115820.7452447414 0 0 0
1661115820.8224346638 0 0 0
1661115820.8882989883 0 0 0
1661115820.9655134678 0 0 0
1661115821.0312485695 0 0 0
1661115821.1085355282 0 0 0
1661115821.1741816998 0 0 0
1661115821.2401695251 0 0 0
1661115821.3060152531 0 0 0
1661115821.3834517002 0 0 0
1661115821.4490711689 0 0 0
1661115821.5265407562 0 0 0
1661115821.5921063423 0 0 0
1661115821.6580324173 0 0 0
1661115821.735571146 0 0 0
1661115821.8012328148 0 0 0
1661115821.8670539856 0 0 0
1661115821.9443562031 0 0 0
1661115822.0216059685 0 0 0
1661115822.087479353 0 0 0
1661115822.1529362202 0 0 0
1661115822.2299599648 0 0 0
1661115822.3072247505 0 0 0
1661115822.37297225 0 0 0
1661115822.4505560398 0 0 0
1661115822.5161929131 0 0 0
1661115822.5933842659 0 0 0
1661115822.6592693329 0 0 0
1661115822.7250990868 0 0 0
1661115822.8025121689 0 0 0
1661115822.8682172298 0 0 0
1661115822.9342062473 0 0 0
1661115823.0114240646 0 0 0
1661115823.0770123005 0 0 0
1661115823.1541426182 0 0 0
1661115823.2311537266 0 0 0
1661115823.3081641197 0 0 0
1661115823.3855004311 0 0 0
1661115823.4515726566 0 0 0
1661115823.5171580315 0 0 0
1661115823.5944602489 0 0 0
1661115823.6602089405 0 0 0
1661115823.7375342846 0 0 0
1661115823.8033168316 0 0 0
1661115823.8803770542 0 0 0
1661115823.9461269379 0 0 0
1661115824.0234427452 0 0 0
1661115824.0892481804 0 0 0
1661115824.1666536331 0 0 0
1661115824.2324771881 0 0 0
1661115824.2979896069 0 0 0
1661115824.3750362396 0 0 0
1661115824.4524555206 0 0 0
1661115824.5183017254 0 0 0
1661115824.5842480659 0 0 0
1661115824.6616978645 0 0 0
1661115824.727227211 0 0 0
1661115824.7930114269 0 0 0
1661115824.8705887794 0 0 0
1661115824.9362370968 0 0 0
1661115825.0020287037 0 0 0
1661115825.0791418552 0 0 0
1661115825.1563518047 0 0 0
1661115825.2223823071 0 0 0
1661115825.299747467 0 0 0
1661115825.3652946949 0 0 0
1661115825.4426245689 0 0 0
1661115825.5083761215 0 0 0
1661115825.5740394592 0 0 0
1661115825.6509833336 0 0 0
1661115825.728202343 0 0 0
1661115825.8052430153 0 0 0
1661115825.871311903 0 0 0
1661115825.9478695393 0 0 0
1661115826.0144410133 0 0 0
1661115826.0804548264 0 0 0
1661115826.1462628841 0 0 0
1661115826.2235774994 0 0 0
1661115826.2895524502 0 0 0
1661115826.3550851345 0 0 0
1661115826.4323568344 0 0 0
1661115826.4980967045 0 0 0
1661115826.5754709244 0 0 0
1661115826.6413006783 0 0 0
1661115826.7073147297 0 0 0
1661115826.7845923901 0 0 0
1661115826.8500864506 0 0 0
1661115826.9273176193 0 0 0
1661115826.9931032658 0 0 0
1661115827.0705049038 0 0 0
1661115827.1361699104 0 0 0
1661115827.2133388519 0 0 0
1661115827.2790391445 0 0 0
1661115827.3560039997 0 0 0
1661115827.4329941273 0 0 0
1661115827.5101950169 0 0 0
1661115827.5877950191 0 0 0
1661115827.664265871 0 0 0
1661115827.73011446 0 0 0
1661115827.8073117733 0 0 0
1661115827.8732736111 0 0 0
1661115827.9389133453 0 0 0
1661115828.0161049366 0 0 0
1661115828.0933976173 0 0 0
1661115828.1595141888 0 0 0
1661115828.2253127098 0 0 0
1661115828.3026254177 0 0 0
1661115828.3688600063 0 0 0
1661115828.4344015121 0 0 0
1661115828.5002882481 0 0 0
1661115828.5774312019 0 0 0
1661115828.6432225704 0 0 0
1661115828.7090992928 0 0 0
1661115828.7861859798 0 0 0
1661115828.8634259701 0 0 0
1661115828.9293560982 0 0 0
1661115828.9952774048 0 0 0
1661115829.061088562 0 0 0
1661115829.138409853 0 0 0
1661115829.2040789127 0 0 0
1661115829.2813835144 0 0 0
1661115829.3471734524 0 0 0
1661115829.4245305061 0 0 0
1661115829.4902646542 0 0 0
1661115829.5672943592 0 0 0
1661115829.6444385052 0 0 0
1661115829.7099170685 0 0 0
1661115829.7765011787 0 0 0
1661115829.8423094749 0 0 0
1661115829.9199450016 0 0 0
1661115829.9855566025 0 0 0
1661115830.0514125824 0 0 0
1661115830.1170682907 0 0 0
1661115830.1944191456 0 0 0
1661115830.2602610588 0 0 0
1661115830.3259115219 0 0 0
1661115830.4030480385 0 0 0
1661115830.4803407192 0 0 0
1661115830.5576989651 0 0 0
1661115830.623380661 0 0 0
1661115830.7003772259 0 0 0
1661115830.7772989273 0 0 0
1661115830.8432059288 0 0 0
1661115830.9206171036 0 0 0
1661115830.986063242 0 0 0
1661115831.0632898808 0 0 0
1661115831.1402981281 0 0 0
1661115831.2176241875 0 0 0
1661115831.2834181786 0 0 0
1661115831.36059165 0 0 0
1661115831.4375760555 0 0 0
1661115831.5029277802 0 0 0
1661115831.5803091526 0 0 0
1661115831.6460633278 0 0 0
1661115831.7234811783 0 0 0
1661115831.7893676758 0 0 0
1661115831.8667678833 0 0 0
1661115831.9322333336 0 0 0
1661115832.0094995499 0 0 0
1661115832.0752282143 0 0 0
1661115832.1529939175 0 0 0
1661115832.218588829 0 0 0
1661115832.2843132019 0 0 0
1661115832.3615117073 0 0 0
1661115832.4272968769 0 0 0
1661115832.5044174194 0 0 0
1661115832.5815412998 0 0 0
1661115832.6473972797 0 0 0
1661115832.7140264511 0 0 0
1661115832.7901067734 0 0 0
1661115832.8676724434 0 0 0
1661115832.9333264828 0 0 0
1661115833.010597229 0 0 0
1661115833.0763213634 0 0 0
1661115833.1537883282 0 0 0
1661115833.2195193768 0 0 0
1661115833.2852480412 0 0 0
1661115833.3625473976 0 0 0
1661115833.4282474518 0 0 0
1661115833.5055773258 0 0 0
1661115833.5713443756 0 0 0
1661115833.6483445168 0 0 0
1661115833.7141232491 0 0 0
1661115833.7912230492 0 0 0
1661115833.8688802719 0 0 0
1661115833.9344522953 0 0 0
1661115834.000228405 0 0 0
1661115834.0777478218 0 0 0
1661115834.1432728767 0 0 0
1661115834.2204446793 0 0 0
1661115834.2974998951 0 0 0
1661115834.3746933937 0 0 0
1661115834.4403018951 0 0 0
1661115834.5176463127 0 0 0
1661115834.5831730366 0 0 0
1661115834.6604852676 0 0 0
1661115834.7261273861 0 0 0
1661115834.8036651611 0 0 0
1661115834.8694934845 0 0 0
1661115834.9351632595 0 0 0
1661115835.0124902725 0 0 0
1661115835.0782053471 0 0 0
1661115835.1554191113 0 0 0
1661115835.2326922417 0 0 0
1661115835.2986345291 0 0 0
1661115835.3644058704 0 0 0
1661115835.4418063164 0 0 0
1661115835.5076289177 0 0 0
1661115835.5734136105 0 0 0
1661115835.639329195 0 0 0
1661115835.716735363 0 0 0
1661115835.7824580669 0 0 0
1661115835.8482542038 0 0 0
1661115835.9254829884 0 0 0
1661115835.9913475513 0 0 0
1661115836.0685472488 0 0 0
1661115836.1342053413 0 0 0
1661115836.2114253044 0 0 0
1661115836.2771427631 0 0 0
1661115836.3544626236 0 0 0
1661115836.4317936897 0 0 0
1661115836.4973657131 0 0 0
1661115836.5747697353 0 0 0
1661115836.6406407356 0 0 0
1661115836.7064878941 0 0 0
1661115836.7835457325 0 0 0
1661115836.8493716717 0 0 0
1661115836.915102005 0 0 0
1661115836.9925103188 0 0 0
1661115837.0582273006 0 0 0
1661115837.1355013847 0 0 0
1661115837.2012228966 0 0 0
1661115837.2785689831 0 0 0
1661115837.3556528091 0 0 0
1661115837.4214513302 0 0 0
1661115837.4986672401 0 0 0
1661115837.5641491413 0 0 0
1661115837.6415674686 0 0 0
1661115837.7073130608 0 0 0
1661115837.7847006321 0 0 0
1661115837.8505167961 0 0 0
1661115837.9161736965 0 0 0
1661115837.9932892323 0 0 0
1661115838.0705809593 0 0 0
1661115838.136412859 0 0 0
1661115838.2138881683 0 0 0
1661115838.2794687748 0 0 0
1661115838.345282793 0 0 0
1661115838.4226329327 0 0 0
1661115838.4883794785 0 0 0
1661115838.565666914 0 0 0
1661115838.6313035488 0 0 0
1661115838.7089087963 0 0 0
1661115838.7747998238 0 0 0
1661115838.8405907154 0 0 0
1661115838.9175775051 0 0 0
1661115838.9947047234 0 0 0
1661115839.0605630875 0 0 0
1661115839.1262068748 0 0 0
1661115839.2036478519 0 0 0
1661115839.2694513798 0 0 0
1661115839.3352546692 0 0 0
1661115839.412781477 0 0 0
1661115839.4786553383 0 0 0
1661115839.5441057682 0 0 0
1661115839.6108319759 0 0 0
1661115839.6763949394 0 0 0
1661115839.7536020279 0 0 0
1661115839.8194863796 0 0 0
1661115839.885158062 0 0 0
1661115839.962543726 -0.19000000000000000222 0 0
1661115840.0395913124 -0.41999999999999998446 0 0
1661115840.1053030491 -0.66000000000000003109 0 0
1661115840.1827101707 -0.8499999999999999778 0 0
1661115840.2489128113 -1 0 0
1661115840.3146424294 -1 0 0
1661115840.3911867142 -1 0 0
1661115840.4684209824 -1 0 0
1661115840.5342514515 -1 0 0
1661115840.6117162704 -1 0 0
1661115840.6773018837 -1 0 0
1661115840.7546341419 -1 0 0
1661115840.8318798542 -1 0 0
1661115840.8973772526 -1 0 0
1661115840.9747853279 -1 0 0
1661115841.0405797958 -1 0 0
1661115841.117903471 -1 0 0
1661115841.1835505962 -1 0 0
1661115841.2494206429 -1 0 0
1661115841.3268487453 -1 0 0
1661115841.3928384781 -1 0 0
1661115841.4584362507 -1 0 0
1661115841.5241906643 -1 0 0
1661115841.6014418602 -1 0 0
1661115841.6679871082 -1 0 0
1661115841.7335007191 -1 0 0
1661115841.7993898392 -1 0 0
1661115841.8653290272 -1 0 0
1661115841.9427754879 -1 0 0
1661115842.0084998608 -1 0 0
1661115842.0858082771 -1 0 0
1661115842.1513631344 -1 0 0
1661115842.2288563251 -1 0 0
1661115842.2945263386 -1 0 0
1661115842.3602962494 -1 0 0
1661115842.4379160404 -1 0 0
1661115842.5035245419 -1 0 0
1661115842.5806450844 -1 0 0
1661115842.646499157 -1 0 0
1661115842.7124547958 -1 0 0
1661115842.778192997 -1 0 0
1661115842.8555545807 -1 0 0
1661115842.9214251041 -1 0 0
1661115842.9984850883 -1 0 0
1661115843.0648539066 -1 0 0
1661115843.1306004524 -1 0 0
1661115843.1962165833 -1 0 0
1661115843.2734661102 -1 0 0
1661115843.3392779827 -1 0 0
1661115843.4166836739 -1 0 0
1661115843.4825363159 -1 0 0
1661115843.5486032963 -1 0 0
1661115843.6144998074 -0.80000000000000004441 0 0
1661115843.6917154789 -0.5999999999999999778 0 0
1661115843.7574419975 -0.36999999999999999556 0 0
1661115843.8347554207 -0.17000000000000001221 0 0
1661115843.9005231857 0 0 0
1661115843.9663448334 0 0 0
1661115844.0436382294 0 0 0
1661115844.1094646454 0 0 0
1661115844.175450325 0 0 0
1661115844.2420098782 0 0 0
1661115844.3080043793 0 0 0
1661115844.373716116 0 0 0
1661115844.4394414425 0 0 0
1661115844.5169525146 0 0 0
1661115844.5826494694 0 0 0
1661115844.6484611034 0 0 0
1661115844.7258250713 0 0 0
1661115844.7916617393 0 0 0
1661115844.8573391438 0 0 0
1661115844.9346296787 0 0 0
1661115845.0004355907 0 0 0
1661115845.0777788162 0 0 0
1661115845.1432361603 0 0 0
1661115845.2206935883 0 0 0
1661115845.2863526344 0 0 0
1661115845.3637309074 0 0 0
1661115845.4297435284 0 0 0
1661115845.4954383373 0 0 0
1661115845.5726575851 0 0 0
1661115845.6499745846 0 0 0
1661115845.7264838219 0 0 0
1661115845.803910017 0 0 0
1661115845.8699617386 0 0 0
1661115845.9358925819 0 0 0
1661115846.0013928413 0 0 0
1661115846.078946352 0 0 0
1661115846.1447820663 0 0 0
1661115846.2103629112 0 0 0
1661115846.2875974178 0 0 0
1661115846.3533093929 0 0 0
1661115846.4306917191 0 0 0
1661115846.4962038994 0 0 0
1661115846.5736160278 0 0 0
1661115846.6392776966 0 0 0
1661115846.7166776657 0 0 0
1661115846.7833571434 0 0 0
1661115846.8595626354 0 0 0
1661115846.9367907047 0 0 0
1661115847.0026011467 0 0 0
1661115847.0798194408 0 0 0
1661115847.1457481384 0 0 0
1661115847.2114393711 0 0 0
1661115847.2886555195 0 0 0
1661115847.3543658257 0 0 0
1661115847.4315311909 0 0 0
1661115847.508259058 0 0 0
1661115847.5748662949 0 0 0
1661115847.6625523567 0 0 0
1661115847.7283723354 0 0 0
1661115847.7950861454 0 0 0
1661115847.861153841 0 0 0
1661115847.9374387264 0 0 0
1661115848.0151896477 0 0 0
1661115848.0808362961 0 0 0
1661115848.1576888561 0 0 0
1661115848.2349894047 0 0 0
1661115848.3113739491 0 0 0
1661115848.377507925 0 0 0
1661115848.4548742771 0 0 0
1661115848.5313303471 0 0 0
1661115848.5974154472 0 0 0
1661115848.6637899876 0 0 0
1661115848.740852356 0 0 0
1661115848.8176887035 0 0 0
1661115848.8943750858 0 0 0
1661115848.9719166756 0 0 0
1661115849.0485370159 0 0 0
1661115849.125212431 0 0 0
1661115849.2025232315 0 0 0
1661115849.2800717354 0 0 0
1661115849.3565380573 0 0 0
1661115849.433678627 0 0 0
1661115849.5104980469 0 0 0
1661115849.5877363682 0 0 0
1661115849.6643383503 0 0 0
1661115849.7413387299 0 0 0
1661115849.8188941479 0 0 0
1661115849.8954524994 0 0 0
1661115849.9731867313 0 0 0
1661115850.0390050411 0 0 0
1661115850.1051642895 0 0 0
1661115850.1812837124 0 0 0
1661115850.2480769157 0 0 0
1661115850.3140609264 0 0 0
1661115850.3907063007 0 0 0
1661115850.4672641754 0 0 0
1661115850.5339963436 0 0 0
1661115850.6108438969 0 0 0
1661115850.6881988049 0 0 0
1661115850.7537808418 0 0 0
1661115850.830586195 0 0 0
1661115850.9078786373 0 0 0
1661115850.9842669964 0 0 0
1661115851.0511760712 0 0 0
1661115851.1170301437 0 0 0
1661115851.1934473515 0 0 0
1661115851.2599029541 0 0 0
1661115851.3367028236 0 0 0
1661115851.4133968353 0 0 0
1661115851.480168581 0 0 0
1661115851.545722723 0 0 0
1661115851.623033762 0 0 0
1661115851.6994609833 0 0 0
1661115851.7763869762 0 0 0
1661115851.8541688919 0 0 0
1661115851.9194936752 0 0 0
1661115851.9967451096 0 0 0
1661115852.0735535622 0 0 0
1661115852.1510210037 0 0 0
1661115852.2279624939 0 0 0
1661115852.3045947552 0 0 0
1661115852.382188797 0 0 0
1661115852.4473330975 0 0 0
1661115852.5251097679 0 0 0
1661115852.5904250145 0 0 0
1661115852.6571261883 0 0 0
1661115852.7227134705 0 0 0
1661115852.7886223793 0 0 0
1661115852.854360342 0 0 0
1661115852.9314343929 0 0 0
1661115853.0087504387 0 0 0
1661115853.0748524666 0 0 0
1661115853.1518387794 0 0 0
1661115853.2292134762 0 0 0
1661115853.2947137356 0 0 0
1661115853.3714921474 0 0 0
1661115853.4374167919 0 0 0
1661115853.5036895275 0 0 0
1661115853.5809562206 0 0 0
1661115853.6572709084 0 0 0
1661115853.7232992649 0 0 0
1661115853.8008904457 0 0 0
1661115853.8672120571 0 0 0
1661115853.9328560829 0 0 0
