1661111223.376650095 0 0 0
1661111223.4426441193 0 0 0
1661111223.5085949898 0 0 0
1661111223.5743863583 0 0 0
1661111223.6401546001 0 0 0
1661111223.7175168991 0 0 0
1661111223.7832150459 0 0 0
1661111223.86064291 0 0 0
1661111223.9263732433 0 0 0
1661111223.9922504425 0 0 0
1661111224.0580704212 0 0 0
1661111224.1352865696 0 0 0
1661111224.2010262012 0 0 0
1661111224.2780928612 0 0 0
1661111224.3551948071 0 0 0
1661111224.420886755 0 0 0
1661111224.4981749058 0 0 0
1661111224.5755565166 0 0 0
1661111224.641522646 0 0 0
1661111224.707041502 0 0 0
1661111224.7841391563 0 0 0
1661111224.8614389896 0 0 0
1661111224.9271962643 0 0 0
1661111225.0043210983 0 0 0
1661111225.0812101364 0 0 0
1661111225.158488512 0 0 0
1661111225.2243189812 0 0 0
1661111225.3016564846 0 0 0
1661111225.3673970699 0 0 0
1661111225.4331576824 0 0 0
1661111225.5104634762 0 0 0
1661111225.5763394833 0 0 0
1661111225.6421923637 0 0 0
1661111225.7192547321 0 0 0
1661111225.7850215435 0 0 0
1661111225.8620960712 0 0 0
1661111225.9394958019 0 0 0
1661111226.0059051514 0 0 0
1661111226.082457304 0 0 0
1661111226.1481032372 0 0 0
1661111226.2252371311 0 0 0
1661111226.2910583019 0 0 0
1661111226.368432045 0 0 0
1661111226.4340052605 0 0 0
1661111226.5003216267 0 0 0
1661111226.5774621964 0 0 0
1661111226.6431353092 0 0 0
1661111226.7203609943 0 0 0
1661111226.7862071991 0 0 0
1661111226.8636546135 0 0 0
1661111226.9293224812 0 0 0
1661111226.9950737953 0 0 0
1661111227.0725250244 0 0 0
1661111227.1380910873 0 0 0
1661111227.2154023647 0 0 0
1661111227.2811574936 0 0 0
1661111227.3584022522 0 0 0
1661111227.424131155 0 0 0
1661111227.5013968945 0 0 0
1661111227.5673277378 0 0 0
1661111227.6331646442 0 0 0
1661111227.6992042065 0 0 0
1661111227.7765853405 0 0 0
1661111227.8422224522 0 0 0
1661111227.9196693897 0 0 0
1661111227.9853150845 0 0 0
1661111228.0510482788 0 0 0
1661111228.1283485889 0 0 0
1661111228.193975687 0 0 0
1661111228.2712957859 0 0 0
1661111228.3370969296 0 0 0
1661111228.4144444466 0 0 0
1661111228.4800565243 0 0 0
1661111228.5572917461 0 0 0
1661111228.6345221996 0 0 0
1661111228.70058918 0.22500000000000000555 0 0
1661111228.7661168575 0.41999999999999998446 0 0
1661111228.8434050083 0.61999999999999999556 0 0
1661111228.9098465443 0.8499999999999999778 0 0
1661111228.9753363132 0.85999999999999987566 0 0
1661111229.0410590172 0.85999999999999987566 0 0
1661111229.11850214 0.86999999999999999556 0 0
1661111229.1842610836 0.86999999999999999556 0 0
1661111229.2613990307 0.875 0 0
1661111229.3387675285 0.875 0 0
1661111229.4045422077 0.875 0 0
1661111229.4701666832 0.875 0 0
1661111229.5472848415 1 0 0
1661111229.6247451305 1 0 0
1661111229.6906158924 1 0 0
1661111229.7561924458 1 0 0
1661111229.8335487843 1 0 0
1661111229.899324894 1 0 0
1661111229.9768896103 1 0 0
1661111230.053252697 1 0 0
1661111230.1306388378 1 0 0
1661111230.1965265274 1 0 0
1661111230.2621817589 1 0 0
1661111230.3394608498 0.89500000000000001776 0 0
1661111230.4050941467 0.89000000000000001332 0 0
1661111230.4826591015 0.9000000000000000222 0 0
1661111230.5482621193 0.9000000000000000222 0 0
1661111230.6257829666 0.90999999999999992006 0 0
1661111230.6913602352 0.74499999999999999556 0 0
1661111230.7686154842 0.66000000000000003109 0 0
1661111230.8341588974 0.6500000000000000222 0 0
1661111230.9112510681 0.64000000000000001332 0 0
1661111230.9772024155 0.64000000000000001332 0 0
1661111231.0544812679 0.64000000000000001332 0 0
1661111231.1200370789 0.64000000000000001332 0 0
1661111231.1973569393 0.64000000000000001332 0 0
1661111231.2746663094 0.64000000000000001332 0 0
1661111231.3401737213 0.73499999999999998668 0 0
1661111231.4174292088 0.79499999999999992895 0 0
1661111231.4832277298 0.875 0 0
1661111231.5606427193 0.91500000000000003553 0 0
1661111231.6373927593 1 0 0
1661111231.7033429146 1 0 0
1661111231.7805011272 1 0 0
1661111231.8460643291 0.96999999999999997335 0 0
1661111231.9239394665 0.85499999999999998224 0 0
1661111232.0000686646 0.84499999999999997335 0 0
1661111232.0771715641 0.8350000000000000755 0 0
1661111232.1545276642 0.84499999999999997335 0 0
1661111232.2202310562 0.81499999999999994671 0 0
1661111232.2972486019 0.78499999999999992006 0 0
1661111232.3744549751 0.71999999999999997335 0 0
1661111232.4400770664 0.65500000000000002665 0 0
1661111232.5172739029 0.6500000000000000222 0 0
1661111232.5946788788 0.67000000000000003997 0 0
1661111232.660364151 0.80000000000000004441 0 0
1661111232.7261784077 0.90999999999999992006 0 0
1661111232.8032114506 1 0 0
1661111232.8807098866 1 0 0
1661111232.9463582039 1 0 0
1661111233.0231173038 1 0 0
1661111233.100846529 0.84499999999999997335 0 0
1661111233.1664330959 0.69500000000000006217 0 0
1661111233.2320501804 0.60499999999999998224 0 0
1661111233.3092069626 0.57999999999999996003 0 0
1661111233.3866741657 0.67999999999999993783 0 0
1661111233.4523456097 0.81499999999999994671 0 0
1661111233.5299830437 0.98999999999999999112 0 0
1661111233.6063334942 0.76000000000000000888 0 0
1661111233.6833980083 0.53000000000000002665 0 0
1661111233.7491695881 0.75500000000000000444 0 0
1661111233.8266472816 0.67500000000000004441 0 0
1661111233.8924031258 0.63000000000000000444 0 0
1661111233.9694807529 0.63000000000000000444 0 0
1661111234.0353965759 0.64000000000000001332 0 0
1661111234.1126828194 0.70499999999999996003 0 0
1661111234.1786913872 0.91999999999999992895 0 0
1661111234.2443614006 0.89500000000000001776 0 0
1661111234.3215069771 0.78499999999999992006 0 0
1661111234.3984024525 0.67500000000000004441 0 0
1661111234.4754936695 0.57999999999999996003 0 0
1661111234.5417554379 0.57000000000000006217 0 0
1661111234.6075732708 0.57000000000000006217 0 0
1661111234.6730697155 0.6500000000000000222 0 0
1661111234.7502496243 0.75 0 0
1661111234.8276987076 0.92500000000000004441 0 0
1661111234.893376112 0.88000000000000000444 0 0
1661111234.9591841698 0.8499999999999999778 0 0
1661111235.0365946293 0.82000000000000006217 0 0
1661111235.1023793221 0.75 0 0
1661111235.168211937 0.73499999999999998668 0 0
1661111235.2456555367 0.67500000000000004441 0 0
1661111235.3114337921 0.63000000000000000444 0 0
1661111235.3888375759 0.625 0 0
1661111235.4546267986 0.73999999999999999112 0 0
1661111235.5205030441 0.88000000000000000444 0 0
1661111235.5862569809 0.92500000000000004441 0 0
1661111235.6637251377 0.7750000000000000222 0 0
1661111235.729244709 0.65500000000000002665 0 0
1661111235.8064484596 0.65500000000000002665 0 0
1661111235.8725206852 0.60499999999999998224 0 0
1661111235.9388391972 0.5999999999999999778 0 0
1661111236.004525423 0.64000000000000001332 0 0
1661111236.0701286793 0.80499999999999993783 0 0
1661111236.1473612785 0.91999999999999992895 0 0
1661111236.2246677876 0.68999999999999994671 0 0
1661111236.2904269695 0.46000000000000001998 0 0
1661111236.3678514957 0.25500000000000000444 0 0
1661111236.4335429668 0.025000000000000001388 0 0
1661111236.49924016 -0.16500000000000000777 0 0
1661111236.5762972832 -0.22500000000000000555 0 0
1661111236.6536860466 -0.3499999999999999778 0 0
1661111236.7195165157 -0.39999999999999996669 0 0
1661111236.7851448059 -0.39500000000000001776 0 0
1661111236.8627195358 -0.39500000000000001776 0 0
1661111236.9284543991 -0.4000000000000000222 0 0
1661111236.9941661358 -0.4000000000000000222 0 0
1661111237.0715208054 -0.4000000000000000222 0 0
1661111237.1373641491 -0.4000000000000000222 0 0
1661111237.2148387432 -0.4000000000000000222 0 0
1661111237.2806248665 -0.39499999999999996225 0 0
1661111237.3462865353 -0.39500000000000001776 0 0
1661111237.4233832359 -0.38499999999999995337 0 0
1661111237.5006551743 -0.30499999999999999334 0 0
1661111237.5665242672 -0.30499999999999999334 0 0
1661111237.632245779 -0.39999999999999991118 0 0
1661111237.7095229626 -0.23999999999999999112 0 0
1661111237.776083231 -0.13500000000000000888 0 0
1661111237.8416011333 -0.11499999999999999112 0 0
1661111237.9075379372 -0.11499999999999999112 0 0
1661111237.9736888409 -0.10999999999999993117 0 0
1661111238.0398116112 -0.10499999999999998224 0 0
1661111238.1054799557 -0.085000000000000019984 0 0
1661111238.1713008881 -0.044999999999999984457 0 0
1661111238.2381086349 -0.044999999999999984457 0 0
1661111238.3141555786 -0.06500000000000000222 0 0
1661111238.3914957047 -0.079999999999999960032 0 0
1661111238.4572381973 -0.31000000000000005329 0 0
1661111238.5344460011 -0.39499999999999996225 0 0
1661111238.6002788544 -0.62000000000000010658 0 0
1661111238.6775138378 -0.82499999999999995559 0 0
1661111238.7433652878 -0.70499999999999996003 0 0
1661111238.8206422329 -0.60999999999999998668 0 0
1661111238.8863272667 -0.67000000000000003997 0 0
1661111238.9636912346 -0.67000000000000003997 0 0
1661111239.0293805599 -0.67000000000000003997 0 0
1661111239.106492281 -0.6500000000000000222 0 0
1661111239.1722347736 -0.65500000000000002665 0 0
1661111239.2496929169 -0.73999999999999999112 0 0
1661111239.3153083324 -0.90999999999999992006 0 0
1661111239.3927490711 -0.89500000000000001776 0 0
1661111239.458562851 -0.72999999999999998224 0 0
1661111239.5242125988 -0.64000000000000001332 0 0
1661111239.6015162468 -0.58499999999999996447 0 0
1661111239.6786618233 -0.57999999999999996003 0 0
1661111239.7554981709 -0.6500000000000000222 0 0
1661111239.8326723576 -0.78000000000000002665 0 0
1661111239.8982725143 -0.96500000000000007994 0 0
1661111239.975379467 -1 0 0
1661111240.0524632931 -0.80000000000000004441 0 0
1661111240.1182951927 -0.66500000000000003553 0 0
1661111240.1956295967 -0.58499999999999996447 0 0
1661111240.2612764835 -0.57000000000000006217 0 0
1661111240.3386418819 -0.57000000000000006217 0 0
1661111240.404178381 -0.57000000000000006217 0 0
1661111240.4814362526 -0.57000000000000006217 0 0
1661111240.5588355064 -0.57000000000000006217 0 0
1661111240.624638319 -0.57000000000000006217 0 0
1661111240.6902916431 -0.57000000000000006217 0 0
1661111240.7562055588 -0.57000000000000006217 0 0
1661111240.8334410191 -0.57999999999999996003 0 0
1661111240.8992023468 -0.67999999999999993783 0 0
1661111240.9767625332 -0.79000000000000003553 0 0
1661111241.0427849293 -0.98999999999999999112 0 0
1661111241.1082098484 -0.83000000000000007105 0 0
1661111241.1856782436 -0.70499999999999996003 0 0
1661111241.2516634464 -0.61499999999999999112 0 0
1661111241.3175797462 -0.61499999999999999112 0 0
1661111241.3839962482 -0.61499999999999999112 0 0
1661111241.4494593143 -0.70499999999999996003 0 0
1661111241.526304245 -0.67500000000000004441 0 0
1661111241.6039078236 -0.57999999999999996003 0 0
1661111241.6695916653 -0.61499999999999999112 0 0
1661111241.7355339527 -0.56500000000000005773 0 0
1661111241.81255126 -0.7649999999999999023 0 0
1661111241.8782746792 -0.8350000000000000755 0 0
1661111241.955425024 -0.70999999999999996447 0 0
1661111242.0324792862 -0.54000000000000003553 0 0
1661111242.1096532345 -0.44000000000000000222 0 0
1661111242.1752486229 -0.30499999999999999334 0 0
1661111242.2525370121 -0.10500000000000000999 0 0
1661111242.3294513226 0.12000000000000000944 0 0
1661111242.4066159725 0.34499999999999997335 0 0
1661111242.4725291729 0.53000000000000002665 0 0
1661111242.5497078896 0.51500000000000001332 0 0
1661111242.6154315472 0.5250000000000000222 0 0
1661111242.6928875446 0.5250000000000000222 0 0
1661111242.758636713 0.5250000000000000222 0 0
1661111242.8242063522 0.5250000000000000222 0 0
1661111242.9014120102 0.5250000000000000222 0 0
1661111242.9681339264 0.57000000000000006217 0 0
1661111243.0336821079 0.6500000000000000222 0 0
1661111243.0994744301 0.75 0 0
1661111243.1769292355 0.89500000000000001776 0 0
1661111243.2425699234 0.88000000000000000444 0 0
1661111243.3081562519 0.73999999999999999112 0 0
1661111243.3858547211 0.61499999999999999112 0 0
1661111243.4515752792 0.46999999999999997335 0 0
1661111243.5173799992 0.39000000000000001332 0 0
1661111243.594496727 0.27000000000000001776 0 0
1661111243.6718165874 0.17000000000000003997 0 0
1661111243.737323761 0.17000000000000003997 0 0
1661111243.8145334721 0.17000000000000003997 0 0
1661111243.8918159008 0.14500000000000001776 0 0
1661111243.9574217796 0 0 0
1661111244.0346553326 0 0 0
1661111244.1001985073 0 0 0
1661111244.1776294708 0 0 0
1661111244.2548701763 0 0 0
1661111244.3203661442 0.005000000000000059952 0 0
1661111244.3975050449 0.005000000000000059952 0 0
1661111244.4744260311 0 0 0
1661111244.5519976616 0 0 0
1661111244.6176908016 0 0 0
1661111244.6948490143 0 0 0
1661111244.7603268623 0 0 0
1661111244.8375809193 0 0 0
1661111244.9149441719 0 0 0
1661111244.9807560444 0 0 0
1661111245.0464947224 0 0 0
1661111245.1236486435 0 0 0
1661111245.1894888878 0 0 0
1661111245.2668266296 0 0 0
1661111245.3325002193 0 0 0
1661111245.4098455906 0 0 0
1661111245.4757549763 0 0 0
1661111245.5414829254 0 0 0
1661111245.6186516285 0 0 0
1661111245.684649229 0 0 0
1661111245.7618093491 0 0 0
1661111245.8273890018 0 0 0
1661111245.8936018944 0 0 0
1661111245.9594585896 -0.19499999999999995115 0 0
1661111246.0367367268 -0.3499999999999999778 0 0
1661111246.1024260521 -0.46000000000000001998 0 0
1661111246.179905653 -0.48499999999999998668 0 0
1661111246.2453081608 -0.4749999999999999778 0 0
1661111246.3226113319 -0.4500000000000000111 0 0
1661111246.3881917 -0.44000000000000000222 0 0
1661111246.4654610157 -0.33999999999999996891 0 0
1661111246.5428135395 -0.15500000000000002665 0 0
1661111246.6085259914 0 0 0
1661111246.6751315594 0 0 0
1661111246.7405641079 0 0 0
1661111246.8063931465 0 0 0
1661111246.8837819099 0 0 0
1661111246.9493865967 0 0 0
1661111247.0153896809 0 0 0
1661111247.0925285816 0 0 0
1661111247.1701533794 0 0 0
1661111247.2463257313 0 0 0
1661111247.3233618736 0 0 0
1661111247.4006814957 0 0 0
1661111247.4777011871 0 0 0
1661111247.5548903942 0 0 0
1661111247.6206920147 0 0 0
1661111247.6863088608 0 0 0
1661111247.7636654377 0 0 0
1661111247.8410553932 0 0 0
1661111247.9063153267 0 0 0
1661111247.9834368229 0 0 0
1661111248.0606296062 0 0 0
1661111248.1263360977 0.12499999999999994449 0 0
1661111248.2035439014 0.2999999999999999889 0 0
1661111248.2806937695 0.52000000000000001776 0 0
1661111248.3465607166 0.31000000000000005329 0 0
1661111248.4127399921 0.115000000000000005 0 0
1661111248.4782495499 0 0 0
1661111248.5556247234 0 0 0
1661111248.6214339733 0 0 0
1661111248.6988668442 0 0 0
1661111248.7646298409 0 0 0
1661111248.8306372166 0 0 0
1661111248.9078280926 0 0 0
1661111248.9734404087 0 0 0
1661111249.0508048534 0.05500000000000004885 0 0
1661111249.1163508892 0.28000000000000002665 0 0
1661111249.1935153008 0.46000000000000001998 0 0
1661111249.2707087994 0.24500000000000002331 0 0
1661111249.3370778561 0.019999999999999990008 0 0
1661111249.4027178288 0.20999999999999999223 0 0
1661111249.4684054852 0.41000000000000003109 0 0
1661111249.5459158421 0.52000000000000001776 0 0
1661111249.6116256714 0.5250000000000000222 0 0
1661111249.688539505 0.53000000000000002665 0 0
1661111249.7657327652 0.53000000000000002665 0 0
1661111249.8312861919 0.53000000000000002665 0 0
1661111249.9086687565 0.53000000000000002665 0 0
1661111249.9744925499 0.53000000000000002665 0 0
1661111250.0517976284 0.53000000000000002665 0 0
1661111250.1171755791 0.53000000000000002665 0 0
1661111250.1945259571 0.53000000000000002665 0 0
1661111250.2716259956 0.53000000000000002665 0 0
1661111250.3489794731 0.5250000000000000222 0 0
1661111250.414593935 0.5250000000000000222 0 0
1661111250.4920885563 0.5250000000000000222 0 0
1661111250.557826519 0.4500000000000000111 0 0
1661111250.6232523918 0.4000000000000000222 0 0
1661111250.7006299496 0.21000000000000001998 0 0
1661111250.778024435 -0.024999999999999990979 0 0
1661111250.8436665535 -0.25 0 0
1661111250.9093394279 -0.31999999999999995115 0 0
1661111250.986489296 -0.39499999999999990674 0 0
1661111251.0636823177 -0.4000000000000000222 0 0
1661111251.1293361187 -0.39999999999999996669 0 0
1661111251.206687212 -0.39999999999999996669 0 0
1661111251.272264719 -0.39999999999999996669 0 0
1661111251.3495700359 -0.57499999999999995559 0 0
1661111251.4269459248 -0.67500000000000004441 0 0
1661111251.4924376011 -0.71999999999999997335 0 0
1661111251.5697185993 -0.71999999999999997335 0 0
1661111251.6467883587 -0.70999999999999996447 0 0
1661111251.712280035 -0.71999999999999997335 0 0
1661111251.7894859314 -0.71999999999999997335 0 0
1661111251.8665964603 -0.71999999999999997335 0 0
1661111251.9439737797 -0.81499999999999994671 0 0
1661111252.0096588135 -0.96500000000000007994 0 0
1661111252.0752744675 -0.81499999999999994671 0 0
1661111252.152618885 -0.9000000000000000222 0 0
1661111252.2298777103 -1 0 0
1661111252.2955307961 -0.89000000000000001332 0 0
1661111252.3730709553 -0.85999999999999987566 0 0
1661111252.4493517876 -1 0 0
1661111252.5264940262 -0.80000000000000004441 0 0
1661111252.6035685539 -0.66500000000000003553 0 0
1661111252.6806893349 -0.57000000000000006217 0 0
1661111252.7465684414 -0.57000000000000006217 0 0
1661111252.8237977028 -0.57000000000000006217 0 0
1661111252.8894236088 -0.57000000000000006217 0 0
1661111252.9667747021 -0.57000000000000006217 0 0
1661111253.0324699879 -0.57000000000000006217 0 0
1661111253.1097860336 -0.57000000000000006217 0 0
1661111253.1754283905 -0.57000000000000006217 0 0
1661111253.2525758743 -0.57000000000000006217 0 0
1661111253.3300468922 -0.57000000000000006217 0 0
1661111253.3958508968 -0.57000000000000006217 0 0
1661111253.4614515305 -0.57000000000000006217 0 0
1661111253.538895607 -0.57000000000000006217 0 0
1661111253.6042981148 -0.66500000000000003553 0 0
1661111253.6817595959 -0.7750000000000000222 0 0
1661111253.7472465038 -0.95500000000000007105 0 0
1661111253.8244597912 -0.8499999999999999778 0 0
1661111253.9016375542 -0.69999999999999995559 0 0
1661111253.9673159122 -0.5999999999999999778 0 0
1661111254.0447022915 -0.56999999999999995115 0 0
1661111254.1103687286 -0.56999999999999995115 0 0
1661111254.1876814365 -0.56999999999999995115 0 0
1661111254.2648272514 -0.56999999999999995115 0 0
1661111254.3303835392 -0.60999999999999998668 0 0
1661111254.4077470303 -0.56000000000000005329 0 0
1661111254.474148035 -0.60499999999999998224 0 0
1661111254.5397672653 -0.57499999999999995559 0 0
1661111254.6062152386 -0.56999999999999995115 0 0
1661111254.6717734337 -0.56999999999999995115 0 0
1661111254.7376723289 -0.51500000000000001332 0 0
1661111254.8149678707 -0.44500000000000000666 0 0
1661111254.8807475567 -0.36999999999999994005 0 0
1661111254.946388483 -0.17500000000000001665 0 0
1661111255.0235540867 0 0 0
1661111255.1007909775 0.23000000000000000999 0 0
1661111255.1668334007 0.46000000000000001998 0 0
1661111255.2326724529 0.50500000000000000444 0 0
1661111255.3101668358 0.48499999999999998668 0 0
1661111255.375572443 0.51000000000000000888 0 0
1661111255.4528830051 0.56999999999999995115 0 0
1661111255.5185968876 0.67500000000000004441 0 0
1661111255.5956776142 0.78499999999999992006 0 0
1661111255.6727993488 0.97999999999999998224 0 0
1661111255.7384057045 0.81000000000000005329 0 0
1661111255.8154964447 0.64000000000000001332 0 0
1661111255.892742157 0.46000000000000001998 0 0
1661111255.9700138569 0.32000000000000006217 0 0
1661111256.0356962681 0.11499999999999999112 0 0
1661111256.1014249325 0 0 0
1661111256.1784639359 0 0 0
1661111256.2556602955 0 0 0
1661111256.3323996067 0 0 0
1661111256.4098110199 0 0 0
1661111256.4872443676 0 0 0
1661111256.5526742935 0 0 0
1661111256.6294190884 0 0 0
1661111256.7066218853 0 0 0
1661111256.7837069035 0 0 0
1661111256.8607592583 0.16999999999999998446 0 0
1661111256.937443018 0 0 0
1661111257.0146877766 0 0 0
1661111257.0918645859 0 0 0
1661111257.1576018333 0 0 0
1661111257.2349419594 0 0 0
1661111257.3004715443 0 0 0
1661111257.3777351379 0 0 0
1661111257.4434416294 0 0 0
1661111257.5205676556 0 0 0
1661111257.5978705883 0 0 0
1661111257.6635835171 0.21499999999999996891 0 0
1661111257.740678072 0.40999999999999997558 0 0
1661111257.8181941509 0.17500000000000001665 0 0
1661111257.8838403225 0.40499999999999997113 0 0
1661111257.9496612549 0.5999999999999999778 0 0
1661111258.0268969536 0.71999999999999997335 0 0
1661111258.0923888683 0.76000000000000000888 0 0
1661111258.169741869 0.76000000000000000888 0 0
1661111258.2468655109 0.92999999999999993783 0 0
1661111258.3127615452 0.75500000000000000444 0 0
1661111258.389295578 0.6500000000000000222 0 0
1661111258.4666454792 0.57999999999999996003 0 0
1661111258.5436446667 0.57000000000000006217 0 0
1661111258.6206736565 0.57000000000000006217 0 0
1661111258.6862673759 0.57000000000000006217 0 0
1661111258.7528274059 0.57000000000000006217 0 0
1661111258.830290556 0.57000000000000006217 0 0
1661111258.8960497379 0.57000000000000006217 0 0
1661111258.9616434574 0.57000000000000006217 0 0
1661111259.0384511948 0.60499999999999998224 0 0
1661111259.1156520844 0.70999999999999996447 0 0
1661111259.1928622723 0.86499999999999999112 0 0
1661111259.2585098743 0.90999999999999992006 0 0
1661111259.3358342648 0.76000000000000000888 0 0
1661111259.4016134739 0.63500000000000000888 0 0
1661111259.4788930416 0.56499999999999994671 0 0
1661111259.5447120667 0.56499999999999994671 0 0
1661111259.6218159199 0.56499999999999994671 0 0
1661111259.6875927448 0.56499999999999994671 0 0
1661111259.7645051479 0.56499999999999994671 0 0
1661111259.8416960239 0.56499999999999994671 0 0
1661111259.9188659191 0.60999999999999998668 0 0
1661111259.9849305153 0.67500000000000004441 0 0
1661111260.0506970882 0.73499999999999998668 0 0
1661111260.1164600849 0.81499999999999994671 0 0
1661111260.1935148239 0.81499999999999994671 0 0
1661111260.2705571651 0.7750000000000000222 0 0
1661111260.3478872776 0.9000000000000000222 0 0
1661111260.413718462 0.875 0 0
1661111260.4908652306 0.73499999999999998668 0 0
1661111260.5564703941 0.65500000000000002665 0 0
1661111260.6334855556 0.65500000000000002665 0 0
1661111260.7107381821 0.66000000000000003109 0 0
1661111260.7877314091 0.65500000000000002665 0 0
1661111260.8647866249 0.78000000000000002665 0 0
1661111260.9420728683 0.97499999999999986677 0 0
1661111261.0078110695 0.81499999999999994671 0 0
1661111261.073551178 0.68999999999999994671 0 0
1661111261.1508038044 0.5999999999999999778 0 0
1661111261.2281770706 0.58499999999999996447 0 0
1661111261.2938439846 0.57999999999999996003 0 0
1661111261.3595919609 0.57000000000000006217 0 0
1661111261.4366559982 0.59499999999999997335 0 0
1661111261.5136415958 0.57000000000000006217 0 0
1661111261.5907838345 0.33000000000000001554 0 0
1661111261.6681044102 0.11000000000000001443 0 0
1661111261.7338504791 -0.12000000000000002331 0 0
1661111261.7994980812 -0.26000000000000000888 0 0
1661111261.8767387867 -0.3499999999999999778 0 0
1661111261.9539999962 -0.4000000000000000222 0 0
1661111262.019557476 -0.4000000000000000222 0 0
1661111262.0967180729 -0.4000000000000000222 0 0
1661111262.1625452042 -0.4000000000000000222 0 0
1661111262.2398154736 -0.39999999999999996669 0 0
1661111262.3058884144 -0.39999999999999996669 0 0
1661111262.3717601299 -0.4000000000000000222 0 0
1661111262.4489490986 -0.39999999999999996669 0 0
1661111262.5145990849 -0.39999999999999996669 0 0
1661111262.5918283463 -0.39999999999999996669 0 0
1661111262.6575655937 -0.39999999999999996669 0 0
1661111262.7349979877 -0.39999999999999996669 0 0
1661111262.8007283211 -0.39999999999999996669 0 0
1661111262.8778376579 -0.39999999999999996669 0 0
1661111262.9548859596 -0.39000000000000001332 0 0
1661111263.0203990936 -0.39500000000000001776 0 0
1661111263.0976378918 -0.39500000000000001776 0 0
1661111263.1748673916 -0.4000000000000000222 0 0
1661111263.2404522896 -0.39999999999999996669 0 0
1661111263.3176660538 -0.39999999999999996669 0 0
1661111263.3837320805 -0.39999999999999996669 0 0
1661111263.4494688511 -0.39999999999999996669 0 0
1661111263.5271811485 -0.39999999999999996669 0 0
1661111263.5929424763 -0.4000000000000000222 0 0
1661111263.6583998203 -0.39500000000000001776 0 0
1661111263.7354726791 -0.39500000000000001776 0 0
1661111263.8126926422 -0.39500000000000001776 0 0
1661111263.8784189224 -0.39500000000000001776 0 0
1661111263.9556293488 -0.39500000000000001776 0 0
1661111264.0331549644 -0.39500000000000001776 0 0
1661111264.0986623764 -0.39500000000000001776 0 0
1661111264.1758477688 -0.39500000000000001776 0 0
1661111264.2415308952 -0.39500000000000001776 0 0
1661111264.3187747002 -0.39500000000000001776 0 0
1661111264.3844583035 -0.39500000000000001776 0 0
1661111264.4618923664 -0.39500000000000001776 0 0
1661111264.5276737213 -0.39500000000000001776 0 0
1661111264.6051223278 -0.39500000000000001776 0 0
1661111264.6707451344 -0.39500000000000001776 0 0
1661111264.7479422092 -0.39500000000000001776 0 0
1661111264.8252243996 -0.625 0 0
1661111264.8910844326 -0.7750000000000000222 0 0
1661111264.9565391541 -0.80000000000000004441 0 0
1661111265.0337102413 -0.80000000000000004441 0 0
1661111265.1110107899 -0.80000000000000004441 0 0
1661111265.1771030426 -0.80000000000000004441 0 0
1661111265.2429299355 -0.80000000000000004441 0 0
1661111265.308498621 -0.80000000000000004441 0 0
1661111265.386231184 -0.78000000000000002665 0 0
1661111265.4521956444 -0.73999999999999999112 0 0
1661111265.5180282593 -0.74499999999999999556 0 0
1661111265.5835814476 -0.74499999999999999556 0 0
1661111265.6613361835 -0.74499999999999999556 0 0
1661111265.7374134064 -0.74499999999999999556 0 0
1661111265.8153111935 -0.91500000000000003553 0 0
1661111265.881303072 -0.92500000000000004441 0 0
1661111265.9470491409 -0.89000000000000001332 0 0
1661111266.0128266811 -0.89000000000000001332 0 0
1661111266.090056181 -0.89000000000000001332 0 0
1661111266.1554434299 -0.83000000000000007105 0 0
1661111266.2324550152 -0.8350000000000000755 0 0
1661111266.3096237183 -0.8350000000000000755 0 0
1661111266.3865461349 -0.8350000000000000755 0 0
1661111266.4637203217 -0.8350000000000000755 0 0
1661111266.5410478115 -0.82000000000000006217 0 0
1661111266.6065914631 -0.73499999999999998668 0 0
1661111266.6835284233 -0.73499999999999998668 0 0
1661111266.7607450485 -0.73499999999999998668 0 0
1661111266.837772131 -0.76500000000000001332 0 0
1661111266.9153437614 -0.94500000000000006217 0 0
1661111266.9918339252 -1 0 0
1661111267.0688693523 -1 0 0
1661111267.1348018646 -1 0 0
1661111267.2005589008 -1 0 0
1661111267.2780828476 -1 0 0
1661111267.3439471722 -1 0 0
1661111267.409624815 -1 0 0
1661111267.4865214825 -0.80000000000000004441 0 0
1661111267.5525178909 -0.56999999999999995115 0 0
1661111267.6298718452 -0.39500000000000001776 0 0
1661111267.6964001656 -0.29000000000000003553 0 0
1661111267.7617032528 -0.21499999999999996891 0 0
1661111267.8388655186 -0.14500000000000001776 0 0
1661111267.9049618244 -0.33999999999999996891 0 0
1661111267.9820876122 -0.44000000000000000222 0 0
1661111268.0478115082 -0.34499999999999997335 0 0
1661111268.1251106262 -0.14499999999999999001 0 0
1661111268.1909480095 0.030000000000000002359 0 0
1661111268.2565717697 0.22000000000000000111 0 0
1661111268.3339617252 0.42000000000000003997 0 0
1661111268.4113173485 0.40500000000000002665 0 0
1661111268.4881017208 0.35999999999999998668 0 0
1661111268.5540151596 0.35999999999999998668 0 0
1661111268.620051384 0.35999999999999998668 0 0
1661111268.6860501766 0.38500000000000000888 0 0
1661111268.7517507076 0.46999999999999997335 0 0
1661111268.8290007114 0.46499999999999996891 0 0
1661111268.9061281681 0.51000000000000000888 0 0
1661111268.971776247 0.73499999999999998668 0 0
1661111269.0374519825 0.84499999999999997335 0 0
1661111269.1147186756 0.71999999999999997335 0 0
1661111269.1918129921 0.73999999999999999112 0 0
1661111269.2579569817 0.75500000000000000444 0 0
1661111269.3237924576 0.81000000000000005329 0 0
1661111269.4012947083 0.92999999999999993783 0 0
1661111269.4670050144 1 0 0
1661111269.5325467587 0.9000000000000000222 0 0
1661111269.6096377373 0.76000000000000000888 0 0
1661111269.6868822575 0.63500000000000000888 0 0
1661111269.7641236782 0.61499999999999999112 0 0
1661111269.8295783997 0.5999999999999999778 0 0
1661111269.9068789482 0.58499999999999996447 0 0
1661111269.9728460312 0.57999999999999996003 0 0
1661111270.0389137268 0.57999999999999996003 0 0
1661111270.1048250198 0.56499999999999994671 0 0
1661111270.1814572811 0.57000000000000006217 0 0
1661111270.2483968735 0.57000000000000006217 0 0
1661111270.3141248226 0.57000000000000006217 0 0
1661111270.391340971 0.59499999999999997335 0 0
1661111270.4570453167 0.57000000000000006217 0 0
1661111270.5227015018 0.35999999999999998668 0 0
1661111270.5998072624 0.56499999999999994671 0 0
1661111270.6768462658 0.57999999999999996003 0 0
1661111270.7539095879 0.54500000000000003997 0 0
1661111270.8310887814 0.57000000000000006217 0 0
1661111270.8964498043 0.57000000000000006217 0 0
1661111270.9629695415 0.5999999999999999778 0 0
1661111271.0284485817 0.68999999999999994671 0 0
1661111271.0949332714 0.81000000000000005329 0 0
1661111271.1609683037 0.97999999999999998224 0 0
1661111271.2266688347 0.8350000000000000755 0 0
1661111271.3035020828 0.70999999999999996447 0 0
1661111271.3811190128 0.66500000000000003553 0 0
1661111271.4469077587 0.66000000000000003109 0 0
1661111271.5243370533 0.59499999999999997335 0 0
1661111271.5901589394 0.57000000000000006217 0 0
1661111271.655847311 0.57000000000000006217 0 0
1661111271.7332394123 0.57000000000000006217 0 0
1661111271.7988367081 0.57000000000000006217 0 0
1661111271.8764007092 0.57000000000000006217 0 0
1661111271.952701807 0.66500000000000003553 0 0
1661111272.0299201012 0.80000000000000004441 0 0
1661111272.1070432663 0.99499999999999999556 0 0
1661111272.1727135181 0.80000000000000004441 0 0
1661111272.2502009869 0.68500000000000005329 0 0
1661111272.3157074451 0.67500000000000004441 0 0
1661111272.3927617073 0.66500000000000003553 0 0
1661111272.4588999748 0.6500000000000000222 0 0
1661111272.5360546112 0.6500000000000000222 0 0
1661111272.601654768 0.64000000000000001332 0 0
1661111272.6792919636 0.64000000000000001332 0 0
1661111272.7451941967 0.64000000000000001332 0 0
1661111272.8105356693 0.73499999999999998668 0 0
1661111272.8877103329 0.79499999999999992895 0 0
1661111272.964962244 0.56000000000000005329 0 0
1661111273.0307445526 0.34000000000000002442 0 0
1661111273.1080334187 0.14000000000000001332 0 0
1661111273.1735696793 -0.090000000000000010547 0 0
1661111273.2508022785 -0.28499999999999997558 0 0
1661111273.3280603886 -0.45500000000000001554 0 0
1661111273.3936400414 -0.66000000000000003109 0 0
1661111273.4707858562 -0.84499999999999997335 0 0
1661111273.5479347706 -0.89500000000000001776 0 0
1661111273.6137239933 -0.89500000000000001776 0 0
1661111273.6910405159 -0.89000000000000001332 0 0
1661111273.7566759586 -0.89500000000000001776 0 0
1661111273.8339533806 -0.89500000000000001776 0 0
1661111273.9110312462 -0.89500000000000001776 0 0
1661111273.9768741131 -0.76500000000000001332 0 0
1661111274.0537922382 -0.69500000000000006217 0 0
1661111274.1311211586 -0.69500000000000006217 0 0
1661111274.1969184875 -0.80000000000000004441 0 0
1661111274.2626564503 -0.89500000000000001776 0 0
1661111274.339828968 -0.89500000000000001776 0 0
1661111274.4171693325 -0.9000000000000000222 0 0
1661111274.4826314449 -0.8350000000000000755 0 0
1661111274.5597712994 -0.8350000000000000755 0 0
1661111274.6369116306 -0.83000000000000007105 0 0
1661111274.7028222084 -0.8350000000000000755 0 0
1661111274.7802009583 -0.83000000000000007105 0 0
1661111274.8460249901 -0.8350000000000000755 0 0
1661111274.9117019176 -0.8350000000000000755 0 0
1661111274.9891548157 -0.8350000000000000755 0 0
1661111275.0552892685 -0.78000000000000002665 0 0
1661111275.1210608482 -0.78000000000000002665 0 0
1661111275.1866037846 -0.81000000000000005329 0 0
1661111275.2640030384 -0.92999999999999993783 0 0
1661111275.3296685219 -1 0 0
1661111275.4071056843 -1 0 0
1661111275.4728295803 -1 0 0
1661111275.5385904312 -1 0 0
1661111275.6162614822 -1 0 0
1661111275.682164669 -1 0 0
1661111275.7478680611 -1 0 0
1661111275.8247361183 -1 0 0
1661111275.9017648697 -0.89500000000000001776 0 0
1661111275.9789912701 -0.84499999999999997335 0 0
1661111276.0449032784 -0.84499999999999997335 0 0
1661111276.1108489037 -0.8499999999999999778 0 0
1661111276.176599741 -0.89500000000000001776 0 0
1661111276.2544233799 -0.91500000000000003553 0 0
1661111276.3315775394 -1 0 0
1661111276.4077510834 -1 0 0
1661111276.4850277901 -1 0 0
1661111276.5507669449 -1 0 0
1661111276.627874136 -1 0 0
1661111276.7052283287 -1 0 0
1661111276.7707843781 -1 0 0
1661111276.8479270935 -0.86999999999999999556 0 0
1661111276.9250612259 -0.76000000000000000888 0 0
1661111276.9909949303 -0.53000000000000002665 0 0
1661111277.0567350388 -0.33500000000000001998 0 0
1661111277.1339607239 -0.14500000000000001776 0 0
1661111277.2112283707 0.085000000000000006106 0 0
1661111277.2770185471 0.32000000000000000666 0 0
1661111277.342810154 0.51500000000000001332 0 0
1661111277.4087176323 0.59499999999999997335 0 0
1661111277.4858186245 0.67000000000000003997 0 0
1661111277.5629251003 0.83000000000000007105 0 0
1661111277.6400580406 0.95500000000000007105 0 0
1661111277.7056353092 0.77000000000000001776 0 0
1661111277.7827355862 0.6500000000000000222 0 0
1661111277.8599317074 0.48499999999999998668 0 0
1661111277.9372193813 0.39000000000000001332 0 0
1661111278.0029270649 0.32000000000000006217 0 0
1661111278.0687198639 0.26000000000000000888 0 0
1661111278.1461672783 0.14500000000000001776 0 0
1661111278.211769104 0 0 0
1661111278.2889635563 0 0 0
1661111278.3548233509 0 0 0
1661111278.4320282936 0 0 0
1661111278.5093240738 0.030000000000000012768 0 0
1661111278.5752336979 0 0 0
1661111278.6411979198 0 0 0
1661111278.7069749832 0.005000000000000059952 0 0
1661111278.7840840816 0.020000000000000073275 0 0
1661111278.8497903347 0.025000000000000077716 0 0
1661111278.9266855717 0.035000000000000031086 0 0
1661111279.0038971901 0.05500000000000004885 0 0
1661111279.0812618732 0.13500000000000000888 0 0
1661111279.1468856335 0.35999999999999998668 0 0
1661111279.2241880894 0.54500000000000003997 0 0
1661111279.2898201942 0.33000000000000001554 0 0
1661111279.3674423695 0.38000000000000000444 0 0
1661111279.4329211712 0.4000000000000000222 0 0
1661111279.5102021694 0.4000000000000000222 0 0
1661111279.5757365227 0.4000000000000000222 0 0
1661111279.6528725624 0.4000000000000000222 0 0
1661111279.7303438187 0.39500000000000001776 0 0
1661111279.7960071564 0.16000000000000000333 0 0
1661111279.8625881672 0.35500000000000003775 0 0
1661111279.9386427402 0.56000000000000005329 0 0
1661111280.0160870552 0.78499999999999992006 0 0
1661111280.0932693481 1 0 0
1661111280.1590867043 0.85999999999999987566 0 0
1661111280.2249364853 0.78000000000000002665 0 0
1661111280.2906045914 0.75 0 0
1661111280.3680830002 0.79500000000000003997 0 0
1661111280.4339106083 0.56000000000000005329 0 0
1661111280.5106284618 0.36999999999999999556 0 0
1661111280.5879151821 0.59499999999999997335 0 0
1661111280.6653213501 0.625 0 0
1661111280.7309887409 0.57999999999999996003 0 0
1661111280.7968745232 0.57999999999999996003 0 0
1661111280.8741424084 0.57999999999999996003 0 0
1661111280.9514956474 0.57999999999999996003 0 0
1661111281.0171017647 0.57999999999999996003 0 0
1661111281.0835821629 0.61499999999999999112 0 0
1661111281.159815073 0.7750000000000000222 0 0
1661111281.2369039059 0.95999999999999996447 0 0
1661111281.3144233227 1 0 0
1661111281.3801515102 0.99499999999999999556 0 0
1661111281.4463131428 1 0 0
1661111281.5118448734 0.99499999999999999556 0 0
1661111281.5889618397 0.8350000000000000755 0 0
1661111281.6661674976 0.81499999999999994671 0 0
1661111281.7321956158 0.95999999999999996447 0 0
1661111281.7981331348 1 0 0
1661111281.86378932 1 0 0
1661111281.9413692951 1 0 0
1661111282.0070047379 1 0 0
1661111282.0841434002 0.97999999999999998224 0 0
1661111282.1497468948 0.79499999999999992895 0 0
1661111282.2271463871 0.91500000000000003553 0 0
1661111282.2929852009 0.76000000000000000888 0 0
1661111282.3586542606 0.56000000000000005329 0 0
1661111282.4250838757 0.36999999999999999556 0 0
1661111282.4906365871 0.17000000000000001221 0 0
1661111282.5678341389 -0.020000000000000000416 0 0
1661111282.644752264 -0.25 0 0
1661111282.7220582962 -0.4000000000000000222 0 0
1661111282.7876894474 -0.4000000000000000222 0 0
1661111282.8651564121 -0.39500000000000001776 0 0
1661111282.9307169914 -0.39500000000000001776 0 0
1661111283.0080456734 -0.39500000000000001776 0 0
1661111283.0738723278 -0.39500000000000001776 0 0
1661111283.1510062218 -0.39500000000000001776 0 0
1661111283.2283174992 -0.39500000000000001776 0 0
1661111283.2940056324 -0.39500000000000001776 0 0
1661111283.3712346554 -0.39500000000000001776 0 0
1661111283.4370856285 -0.39500000000000001776 0 0
1661111283.50309515 -0.39500000000000001776 0 0
1661111283.5689241886 -0.39500000000000001776 0 0
1661111283.64620471 -0.39500000000000001776 0 0
1661111283.7119841576 -0.39500000000000001776 0 0
1661111283.789144516 -0.39500000000000001776 0 0
1661111283.8548641205 -0.39500000000000001776 0 0
1661111283.9321992397 -0.39500000000000001776 0 0
1661111283.9980032444 -0.625 0 0
1661111284.0754199028 -0.82499999999999995559 0 0
1661111284.1526043415 -0.89500000000000001776 0 0
1661111284.218218565 -0.9000000000000000222 0 0
1661111284.2838990688 -0.96999999999999997335 0 0
1661111284.3611450195 -1 0 0
1661111284.426995039 -0.81499999999999994671 0 0
1661111284.5043256283 -0.75500000000000000444 0 0
1661111284.5700962543 -0.75500000000000000444 0 0
1661111284.635792017 -0.75500000000000000444 0 0
1661111284.7131204605 -0.75 0 0
1661111284.778840065 -0.75500000000000000444 0 0
1661111284.8560421467 -0.75500000000000000444 0 0
1661111284.9334788322 -0.89500000000000001776 0 0
1661111285.0098612309 -1 0 0
1661111285.0870933533 -1 0 0
1661111285.1643857956 -1 0 0
1661111285.230345726 -1 0 0
1661111285.2960941792 -1 0 0
1661111285.3734242916 -1 0 0
1661111285.4391102791 -1 0 0
1661111285.5049388409 -0.8499999999999999778 0 0
1661111285.5826361179 -0.79499999999999992895 0 0
1661111285.6587252617 -0.79499999999999992895 0 0
1661111285.7357735634 -0.79499999999999992895 0 0
1661111285.8128731251 -0.79499999999999992895 0 0
1661111285.8901429176 -0.79499999999999992895 0 0
1661111285.9671611786 -0.79499999999999992895 0 0
1661111286.0440957546 -0.79499999999999992895 0 0
1661111286.1105699539 -0.80000000000000004441 0 0
1661111286.1872239113 -0.83000000000000007105 0 0
1661111286.253013134 -0.82499999999999995559 0 0
1661111286.3304300308 -0.82499999999999995559 0 0
1661111286.39584589 -0.82499999999999995559 0 0
1661111286.4731519222 -0.875 0 0
1661111286.5387980938 -1 0 0
1661111286.6158618927 -0.92500000000000004441 0 0
1661111286.69307971 -0.75 0 0
1661111286.770450592 -0.67000000000000003997 0 0
1661111286.8471448421 -0.63000000000000000444 0 0
1661111286.9127128124 -0.61999999999999999556 0 0
1661111286.989839077 -0.66500000000000003553 0 0
1661111287.0667123795 -0.56499999999999994671 0 0
1661111287.1441407204 -0.66500000000000003553 0 0
1661111287.2098398209 -0.46999999999999997335 0 0
1661111287.2870149612 -0.33499999999999996447 0 0
1661111287.3643245697 -0.14500000000000001776 0 0
1661111287.429764986 0.090000000000000010547 0 0
1661111287.5070338249 0.010000000000000001943 0 0
1661111287.5842411518 0.009999999999999995004 0 0
1661111287.6613619328 0.0050000000000000044409 0 0
1661111287.727009058 0.0050000000000000044409 0 0
1661111287.8039944172 0.005000000000000059952 0 0
1661111287.8812646866 0.005000000000000059952 0 0
1661111287.9468924999 0.07499999999999990008 0 0
1661111288.0239720345 0.14500000000000001776 0 0
1661111288.1011865139 0.375 0 0
1661111288.1784493923 0.60499999999999998224 0 0
1661111288.2443084717 0.83499999999999996447 0 0
1661111288.310008049 0.85999999999999998668 0 0
1661111288.3762645721 0.68500000000000005329 0 0
1661111288.4417848587 0.51000000000000000888 0 0
1661111288.5191049576 0.35999999999999998668 0 0
1661111288.5851957798 0.21499999999999996891 0 0
1661111288.6508972645 0.21499999999999996891 0 0
1661111288.7281877995 0.015000000000000013323 0 0
1661111288.7937400341 0.005000000000000059952 0 0
1661111288.8712713718 0.005000000000000059952 0 0
1661111288.9370989799 0.005000000000000059952 0 0
1661111289.0036809444 0.005000000000000059952 0 0
1661111289.0799710751 0 0 0
1661111289.1458160877 0 0 0
1661111289.2231197357 0 0 0
1661111289.3004741669 0 0 0
1661111289.3661236763 0 0 0
1661111289.4432969093 0 0 0
1661111289.5096299648 0 0 0
1661111289.5752239227 0 0 0
1661111289.6412320137 0 0 0
1661111289.7074539661 0 0 0
1661111289.7730944157 0 0 0
1661111289.8505558968 0 0 0
1661111289.9163205624 -0.23499999999999998668 0 0
1661111289.9821696281 -0.030000000000000026645 0 0
1661111290.047980547 0 0 0
1661111290.1251959801 -0.18999999999999991895 0 0
1661111290.1909470558 -0.14500000000000001776 0 0
1661111290.268065691 -0.14500000000000001776 0 0
1661111290.3452651501 -0.14500000000000001776 0 0
1661111290.4216666222 -0.14500000000000001776 0 0
1661111290.4988539219 -0.005000000000000059952 0 0
1661111290.5761597157 -0.005000000000000059952 0 0
1661111290.6420073509 -0.005000000000000059952 0 0
1661111290.719312191 -0.005000000000000059952 0 0
1661111290.7851088047 -0.005000000000000059952 0 0
1661111290.8624205589 -0.005000000000000059952 0 0
1661111290.9282698631 -0.005000000000000059952 0 0
1661111290.9943413734 -0.005000000000000059952 0 0
1661111291.0599017143 -0.030000000000000026645 0 0
1661111291.1374015808 -0.030000000000000026645 0 0
1661111291.2030220032 -0.19000000000000000222 0 0
1661111291.280185461 -0.26000000000000000888 0 0
1661111291.3460788727 -0.26000000000000000888 0 0
1661111291.4235129356 -0.26000000000000000888 0 0
1661111291.5002515316 -0.26000000000000000888 0 0
1661111291.5775139332 -0.26000000000000000888 0 0
1661111291.6429197788 -0.26000000000000000888 0 0
1661111291.7203373909 -0.26000000000000000888 0 0
1661111291.7859594822 -0.26000000000000000888 0 0
1661111291.8518338203 -0.26000000000000000888 0 0
1661111291.9291214943 -0.26000000000000000888 0 0
1661111291.9949686527 -0.26000000000000000888 0 0
1661111292.0720922947 -0.26000000000000000888 0 0
1661111292.1493682861 -0.26000000000000000888 0 0
1661111292.2150633335 -0.26000000000000000888 0 0
1661111292.2809817791 -0.26000000000000000888 0 0
1661111292.3581998348 -0.26000000000000000888 0 0
1661111292.4238727093 -0.26000000000000000888 0 0
1661111292.5015337467 -0.26000000000000000888 0 0
1661111292.5673513412 -0.26000000000000000888 0 0
1661111292.6329600811 -0.26000000000000000888 0 0
1661111292.7103214264 -0.26000000000000000888 0 0
1661111292.7761440277 -0.26000000000000000888 0 0
1661111292.84207201 -0.26000000000000000888 0 0
1661111292.9186909199 -0.26000000000000000888 0 0
1661111292.9958255291 -0.26000000000000000888 0 0
1661111293.0729398727 -0.26000000000000000888 0 0
1661111293.1503014565 -0.23499999999999998668 0 0
1661111293.2162258625 -0.23499999999999998668 0 0
1661111293.2818877697 -0.23499999999999998668 0 0
1661111293.3595759869 -0.23499999999999998668 0 0
1661111293.4253840446 -0.32000000000000006217 0 0
1661111293.4909038544 -0.15499999999999997113 0 0
1661111293.5681726933 0 0 0
1661111293.6339190006 0.14000000000000001332 0 0
1661111293.711435318 0.14000000000000001332 0 0
1661111293.777358532 0.14500000000000001776 0 0
1661111293.8430507183 0.14499999999999999001 0 0
1661111293.9087216854 0.14500000000000001776 0 0
1661111293.9859490395 0.14500000000000001776 0 0
1661111294.0630850792 0.14500000000000001776 0 0
1661111294.1404049397 0.12499999999999994449 0 0
1661111294.2060937881 0.12499999999999994449 0 0
1661111294.2719380856 0.30499999999999999334 0 0
1661111294.3492226601 0.125 0 0
1661111294.4262363911 0 0 0
1661111294.5033073425 0.075000000000000011102 0 0
1661111294.5690171719 0 0 0
1661111294.6463320255 0 0 0
1661111294.712045908 0 0 0
1661111294.789329052 0 0 0
1661111294.8550646305 0 0 0
1661111294.932696104 0 0 0
1661111294.9984459877 0 0 0
1661111295.0641415119 0 0 0
1661111295.1412978172 0 0 0
1661111295.2078104019 0.22999999999999998224 0 0
1661111295.2838728428 0.035000000000000003331 0 0
1661111295.361713171 0 0 0
1661111295.4379401207 0.22500000000000000555 0 0
1661111295.5152347088 0.46000000000000001998 0 0
1661111295.5925068855 0.5 0 0
1661111295.658084631 0.54500000000000003997 0 0
1661111295.7355113029 0.54500000000000003997 0 0
1661111295.8011474609 0.55000000000000004441 0 0
1661111295.8783245087 0.55000000000000004441 0 0
1661111295.9448037148 0.55000000000000004441 0 0
1661111296.0209951401 0.55500000000000004885 0 0
1661111296.0982062817 0.55500000000000004885 0 0
1661111296.1637353897 0.55500000000000004885 0 0
1661111296.241071701 0.55000000000000004441 0 0
1661111296.3182222843 0.49499999999999999556 0 0
1661111296.395468235 0.48999999999999999112 0 0
1661111296.4612054825 0.4500000000000000111 0 0
1661111296.538441658 0.41000000000000003109 0 0
1661111296.6044828892 0.39500000000000001776 0 0
1661111296.6701309681 0.39500000000000001776 0 0
1661111296.7472083569 0.28999999999999998002 0 0
1661111296.8245716095 0.059999999999999983902 0 0
1661111296.8901922703 -0.040000000000000000833 0 0
1661111296.9557440281 -0.2000000000000000111 0 0
1661111297.0331141949 -0.34999999999999992228 0 0
1661111297.1105539799 -0.39500000000000001776 0 0
1661111297.176363945 -0.39500000000000001776 0 0
1661111297.2420532703 -0.39500000000000001776 0 0
1661111297.3191568851 -0.39500000000000001776 0 0
1661111297.3850045204 -0.39500000000000001776 0 0
1661111297.4621422291 -0.39500000000000001776 0 0
1661111297.5392975807 -0.39500000000000001776 0 0
1661111297.6049695015 -0.39500000000000001776 0 0
1661111297.6821761131 -0.39500000000000001776 0 0
1661111297.759683609 -0.39500000000000001776 0 0
1661111297.8251476288 -0.39000000000000001332 0 0
1661111297.9022684097 -0.39500000000000001776 0 0
1661111297.9677505493 -0.39500000000000001776 0 0
1661111298.0452084541 -0.38999999999999995781 0 0
1661111298.1110692024 -0.39500000000000001776 0 0
1661111298.1881802082 -0.59499999999999997335 0 0
1661111298.2654159069 -0.73499999999999998668 0 0
1661111298.3310146332 -0.77000000000000001776 0 0
1661111298.4084148407 -0.77000000000000001776 0 0
1661111298.4737973213 -0.81000000000000005329 0 0
1661111298.5512349606 -0.97499999999999986677 0 0
1661111298.6168019772 -0.8499999999999999778 0 0
1661111298.6833634377 -0.71499999999999996891 0 0
1661111298.7605736256 -0.68999999999999994671 0 0
1661111298.8260731697 -0.8350000000000000755 0 0
1661111298.903203249 -1 0 0
1661111298.9687922001 -0.80000000000000004441 0 0
1661111299.0458798409 -0.67999999999999993783 0 0
1661111299.1232774258 -0.63500000000000000888 0 0
1661111299.2003080845 -0.63500000000000000888 0 0
1661111299.2659454346 -0.63000000000000000444 0 0
1661111299.3433694839 -0.67000000000000003997 0 0
1661111299.4090874195 -0.80499999999999993783 0 0
1661111299.4865868092 -0.97499999999999986677 0 0
1661111299.5522782803 -1 0 0
1661111299.6295375824 -0.82499999999999995559 0 0
1661111299.695196867 -0.68500000000000005329 0 0
1661111299.7727479935 -0.59499999999999997335 0 0
1661111299.8384764194 -0.57000000000000006217 0 0
1661111299.9151585102 -0.57000000000000006217 0 0
1661111299.9924125671 -0.57000000000000006217 0 0
1661111300.0579054356 -0.57000000000000006217 0 0
1661111300.135279417 -0.57000000000000006217 0 0
1661111300.2011563778 -0.57000000000000006217 0 0
1661111300.2784118652 -0.57000000000000006217 0 0
1661111300.3440606594 -0.57000000000000006217 0 0
1661111300.4217643738 -0.57000000000000006217 0 0
1661111300.4983310699 -0.57000000000000006217 0 0
1661111300.5638422966 -0.57000000000000006217 0 0
1661111300.6409802437 -0.57000000000000006217 0 0
1661111300.7184197903 -0.66500000000000003553 0 0
1661111300.7954144478 -0.79499999999999992895 0 0
1661111300.8610880375 -0.98999999999999999112 0 0
1661111300.9381244183 -0.83000000000000007105 0 0
1661111301.0151488781 -0.68999999999999994671 0 0
1661111301.0924732685 -0.66500000000000003553 0 0
1661111301.1583156586 -0.64000000000000001332 0 0
1661111301.2354028225 -0.63500000000000000888 0 0
1661111301.3009295464 -0.61499999999999999112 0 0
1661111301.3779962063 -0.60999999999999998668 0 0
1661111301.4552137852 -0.66500000000000003553 0 0
1661111301.5325269699 -0.53500000000000014211 0 0
1661111301.6090996265 -0.2999999999999999889 0 0
1661111301.6864674091 -0.070000000000000006661 0 0
1661111301.7526845932 0 0 0
1661111301.8186070919 0.19500000000000000666 0 0
1661111301.8839228153 0.39999999999999996669 0 0
1661111301.9609134197 0.48499999999999998668 0 0
1661111302.0271918774 0.67500000000000004441 0 0
1661111302.0928213596 0.8499999999999999778 0 0
1661111302.1590473652 1 0 0
1661111302.2360770702 0.89000000000000001332 0 0
1661111302.3134686947 0.7249999999999999778 0 0
1661111302.3790650368 0.60999999999999998668 0 0
1661111302.4561269283 0.53000000000000002665 0 0
1661111302.5336415768 0.45500000000000001554 0 0
1661111302.599780798 0.34499999999999997335 0 0
1661111302.6655099392 0.19499999999999995115 0 0
1661111302.7313859463 0 0 0
1661111302.7970063686 0 0 0
1661111302.8745987415 0 0 0
1661111302.9403867722 0 0 0
1661111303.0061438084 0 0 0
1661111303.0832726955 0 0 0
1661111303.1491093636 0 0 0
1661111303.2263767719 0 0 0
1661111303.3033261299 0 0 0
1661111303.3804376125 0 0 0
1661111303.4458694458 0 0 0
1661111303.5229921341 0 0 0
1661111303.6005632877 0 0 0
1661111303.6664977074 0 0 0
1661111303.7319359779 -0.005000000000000059952 0 0
1661111303.8091902733 -0.20499999999999990452 0 0
1661111303.8864262104 0 0 0
1661111303.9636466503 0 0 0
1661111304.0293459892 -0.23499999999999998668 0 0
1661111304.0949709415 -0.035000000000000003331 0 0
1661111304.1723189354 -0.23499999999999998668 0 0
1661111304.2385160923 -0.38500000000000000888 0 0
1661111304.3041503429 -0.42999999999999999334 0 0
1661111304.3816175461 -0.375 0 0
1661111304.447314024 -0.375 0 0
1661111304.5241165161 -0.375 0 0
1661111304.6011424065 -0.375 0 0
1661111304.6782948971 -0.38500000000000000888 0 0
1661111304.7443404198 -0.39500000000000001776 0 0
1661111304.8326909542 -0.41000000000000003109 0 0
1661111304.8985219002 -0.41000000000000003109 0 0
1661111304.9641649723 -0.41000000000000003109 0 0
1661111305.0415246487 -0.41000000000000003109 0 0
1661111305.1072921753 -0.39500000000000001776 0 0
1661111305.1842842102 -0.39500000000000001776 0 0
1661111305.2613773346 -0.39500000000000001776 0 0
1661111305.3269474506 -0.375 0 0
1661111305.4044468403 -0.375 0 0
1661111305.4700882435 -0.38500000000000000888 0 0
1661111305.5473823547 -0.375 0 0
1661111305.6131286621 -0.38500000000000000888 0 0
1661111305.6904232502 -0.375 0 0
1661111305.7563998699 -0.38500000000000000888 0 0
1661111305.8336763382 -0.375 0 0
1661111305.8998353481 -0.375 0 0
1661111305.9654076099 -0.375 0 0
1661111306.0311222076 -0.375 0 0
1661111306.1084158421 -0.375 0 0
1661111306.1744246483 -0.38500000000000000888 0 0
1661111306.2400557995 -0.375 0 0
1661111306.3173503876 -0.38500000000000000888 0 0
1661111306.3831810951 -0.38500000000000000888 0 0
1661111306.4605257511 -0.38500000000000000888 0 0
1661111306.5269625187 -0.375 0 0
1661111306.6034088135 -0.375 0 0
1661111306.6691038609 -0.38500000000000000888 0 0
1661111306.7465510368 -0.38500000000000000888 0 0
1661111306.8124680519 -0.38500000000000000888 0 0
1661111306.878282547 -0.38500000000000000888 0 0
1661111306.9555745125 -0.38500000000000000888 0 0
1661111307.0213031769 -0.38500000000000000888 0 0
1661111307.0982964039 -0.38500000000000000888 0 0
1661111307.175498724 -0.38500000000000000888 0 0
1661111307.2519266605 -0.38500000000000000888 0 0
1661111307.3290131092 -0.38500000000000000888 0 0
1661111307.3950901031 -0.38500000000000000888 0 0
1661111307.4728665352 -0.38500000000000000888 0 0
1661111307.5490415096 -0.38500000000000000888 0 0
1661111307.6264715195 -0.38500000000000000888 0 0
1661111307.692129612 -0.38500000000000000888 0 0
1661111307.7693166733 -0.38500000000000000888 0 0
1661111307.8465528488 -0.38500000000000000888 0 0
1661111307.9122569561 -0.38500000000000000888 0 0
1661111307.9894738197 -0.38500000000000000888 0 0
1661111308.0550296307 -0.38500000000000000888 0 0
1661111308.1324760914 -0.38500000000000000888 0 0
1661111308.1979749203 -0.38500000000000000888 0 0
1661111308.2753272057 -0.38500000000000000888 0 0
1661111308.3525335789 -0.38500000000000000888 0 0
1661111308.4182488918 -0.23499999999999998668 0 0
1661111308.4955878258 -0.035000000000000003331 0 0
1661111308.561221838 0.19000000000000000222 0 0
1661111308.6382713318 0.25 0 0
1661111308.7040507793 0.14000000000000001332 0 0
1661111308.7815508842 0.12500000000000005551 0 0
1661111308.8469452858 0.085000000000000019984 0 0
1661111308.924372673 0.085000000000000019984 0 0
1661111308.9902141094 0.085000000000000019984 0 0
1661111309.0569512844 0.085000000000000019984 0 0
1661111309.1332864761 0.085000000000000019984 0 0
1661111309.198994875 0.085000000000000019984 0 0
1661111309.27627635 0.085000000000000019984 0 0
1661111309.3533518314 0.05500000000000004885 0 0
1661111309.4306161404 0.05500000000000004885 0 0
1661111309.4960381985 0.2750000000000000222 0 0
1661111309.5736541748 0.094999999999999973355 0 0
1661111309.6394195557 0 0 0
1661111309.7163796425 0 0 0
1661111309.7820527554 0 0 0
1661111309.8592054844 0 0 0
1661111309.9361746311 0 0 0
1661111310.0136003494 0 0 0
1661111310.0793297291 0 0 0
1661111310.156760931 0 0 0
1661111310.2224080563 0 0 0
1661111310.2881376743 0.19499999999999995115 0 0
1661111310.3653390408 0 0 0
1661111310.4424340725 0 0 0
1661111310.5080909729 0.2249999999999999778 0 0
1661111310.5854730606 0.4249999999999999889 0 0
1661111310.65122962 0.60999999999999998668 0 0
1661111310.7283778191 0.53000000000000002665 0 0
1661111310.8057556152 0.5 0 0
1661111310.8822126389 0.5 0 0
1661111310.9589948654 0.5 0 0
1661111311.0364067554 0.48999999999999999112 0 0
1661111311.1020371914 0.48499999999999998668 0 0
1661111311.168336153 0.48499999999999998668 0 0
1661111311.2454664707 0.4000000000000000222 0 0
1661111311.3112316132 0.33499999999999996447 0 0
1661111311.388821125 0.33499999999999996447 0 0
1661111311.4546766281 0.23499999999999998668 0 0
1661111311.520234108 0.23499999999999998668 0 0
1661111311.5976643562 0.23499999999999998668 0 0
1661111311.6633183956 0.23499999999999998668 0 0
1661111311.7407214642 0.26000000000000000888 0 0
1661111311.8065412045 0.29000000000000003553 0 0
1661111311.8723552227 0.40500000000000002665 0 0
1661111311.9495639801 0.48499999999999998668 0 0
1661111312.0152239799 0.55000000000000004441 0 0
1661111312.0923552513 0.55500000000000004885 0 0
1661111312.1694769859 0.55500000000000004885 0 0
1661111312.246711731 0.55500000000000004885 0 0
1661111312.3124396801 0.55500000000000004885 0 0
1661111312.3788244724 0.51500000000000001332 0 0
1661111312.4445319176 0.5 0 0
1661111312.5101213455 0.5 0 0
1661111312.5873994827 0.45999999999999996447 0 0
1661111312.6645019054 0.35999999999999998668 0 0
1661111312.7300190926 0.18500000000000002554 0 0
1661111312.8072118759 -0.014999999999999985567 0 0
1661111312.8846042156 -0.23500000000000001443 0 0
1661111312.9502458572 -0.28499999999999997558 0 0
1661111313.0274646282 -0.28999999999999998002 0 0
1661111313.1046600342 -0.2899999999999999245 0 0
1661111313.1704249382 -0.28000000000000002665 0 0
1661111313.2360823154 -0.30499999999999999334 0 0
1661111313.313890934 -0.4000000000000000222 0 0
1661111313.3903193474 -0.39500000000000001776 0 0
1661111313.4560770988 -0.39499999999999996225 0 0
1661111313.5331480503 -0.39000000000000001332 0 0
1661111313.6103792191 -0.4000000000000000222 0 0
1661111313.6875538826 -0.4000000000000000222 0 0
1661111313.7533710003 -0.4000000000000000222 0 0
1661111313.8307247162 -0.4000000000000000222 0 0
1661111313.8964018822 -0.4000000000000000222 0 0
1661111313.9621539116 -0.4000000000000000222 0 0
1661111314.0396580696 -0.39499999999999990674 0 0
1661111314.1056759357 -0.16000000000000000333 0 0
1661111314.1716740131 -0.35999999999999993117 0 0
1661111314.2371780872 -0.56000000000000005329 0 0
1661111314.3143348694 -0.76000000000000000888 0 0
1661111314.3916802406 -0.98999999999999999112 0 0
1661111314.4573700428 -1 0 0
1661111314.5238351822 -1 0 0
1661111314.5896141529 -0.95999999999999996447 0 0
1661111314.6553041935 -0.91500000000000003553 0 0
1661111314.7326676846 -0.84499999999999997335 0 0
1661111314.7988173962 -0.75 0 0
1661111314.8644979 -0.73999999999999999112 0 0
1661111314.9302999973 -0.73999999999999999112 0 0
1661111314.9960362911 -0.73999999999999999112 0 0
1661111315.0732748508 -0.76500000000000001332 0 0
1661111315.1503317356 -0.91500000000000003553 0 0
1661111315.2280023098 -1 0 0
1661111315.3041687012 -1 0 0
1661111315.3817799091 -1 0 0
1661111315.4474627972 -1 0 0
1661111315.5132257938 -1 0 0
1661111315.5906512737 -1 0 0
1661111315.6564667225 -1 0 0
1661111315.7222554684 -1 0 0
1661111315.7995963097 -1 0 0
1661111315.8654491901 -1 0 0
1661111315.9427843094 -1 0 0
1661111316.0083298683 -1 0 0
1661111316.0856888294 -1 0 0
1661111316.1511614323 -1 0 0
1661111316.2282171249 -1 0 0
1661111316.3051905632 -1 0 0
1661111316.3827328682 -1 0 0
1661111316.4483525753 -1 0 0
1661111316.525727272 -1 0 0
1661111316.5917601585 -1 0 0
1661111316.6575658321 -1 0 0
1661111316.7230930328 -1 0 0
1661111316.8005416393 -1 0 0
1661111316.8661005497 -1 0 0
1661111316.9327509403 -0.80000000000000004441 0 0
1661111316.9987266064 -0.5999999999999999778 0 0
1661111317.0643649101 -0.4000000000000000222 0 0
1661111317.1416287422 -0.2000000000000000111 0 0
1661111317.2072355747 0 0 0
1661111317.2843608856 0 0 0
1661111317.3614664078 0 0 0
1661111317.4278433323 0 0 0
1661111317.4935801029 0 0 0
1661111317.5592148304 0 0 0
1661111317.6252076626 0 0 0
1661111317.7023217678 0 0 0
1661111317.7793114185 0 0 0
1661111317.8565917015 0 0 0
1661111317.9222178459 0 0 0
1661111317.9994473457 0 0 0
1661111318.0762755871 0 0 0
1661111318.1537306309 0 0 0
1661111318.219363451 0 0 0
1661111318.2852957249 0 0 0
1661111318.3625059128 0 0 0
1661111318.4282910824 0 0 0
1661111318.5057005882 0 0 0
1661111318.5715887547 0 0 0
1661111318.6371519566 0 0 0
1661111318.7143347263 0 0 0
1661111318.7915863991 0 0 0
1661111318.8573043346 0 0 0
1661111318.9347238541 0 0 0
1661111319.0005583763 0 0 0
1661111319.0662684441 0 0 0
1661111319.1436052322 0 0 0
1661111319.2092270851 0 0 0
1661111319.2865822315 0 0 0
1661111319.3635368347 0 0 0
1661111319.4292993546 0 0 0
1661111319.5063569546 0 0 0
1661111319.5836713314 0 0 0
1661111319.6493172646 0 0 0
1661111319.7264780998 0 0 0
1661111319.8037800789 0 0 0
1661111319.8691797256 0 0 0
1661111319.9356403351 0 0 0
1661111320.0015437603 0 0 0
1661111320.0787091255 0 0 0
1661111320.1444528103 0 0 0
1661111320.2103128433 0 0 0
1661111320.2874920368 0 0 0
1661111320.3531544209 0 0 0
1661111320.430488348 0 0 0
1661111320.4961013794 0 0 0
1661111320.5736351013 0 0 0
1661111320.6394948959 0 0 0
1661111320.7053713799 0 0 0
1661111320.7827394009 0 0 0
1661111320.8490178585 0 0 0
1661111320.9254171848 0 0 0
1661111320.991232872 0 0 0
1661111321.0686919689 0 0 0
1661111321.1343266964 0 0 0
1661111321.2004752159 0 0 0
1661111321.277705431 0 0 0
1661111321.3432924747 0 0 0
1661111321.4207601547 0 0 0
1661111321.4864845276 0 0 0
1661111321.5639150143 0 0 0
1661111321.6296412945 0 0 0
1661111321.7065830231 0 0 0
1661111321.7722725868 0 0 0
1661111321.8496956825 0 0 0
1661111321.9155313969 0 0 0
1661111321.9811811447 0 0 0
1661111322.0585050583 0 0 0
1661111322.1240696907 0 0 0
1661111322.201685667 0 0 0
1661111322.2678992748 0 0 0
1661111322.3338491917 0 0 0
1661111322.3996114731 0 0 0
1661111322.4652736187 0 0 0
1661111322.5428402424 0 0 0
1661111322.6085283756 0 0 0
1661111322.6743226051 0 0 0
1661111322.7517874241 0 0 0
1661111322.8174819946 0 0 0
1661111322.894762516 0 0 0
1661111322.960542202 0 0 0
1661111323.0377755165 0 0 0
1661111323.1035244465 0 0 0
1661111323.1806383133 0 0 0
1661111323.246534586 0 0 0
1661111323.312369585 0 0 0
1661111323.3898339272 0 0 0
1661111323.4556758404 0 0 0
1661111323.521389246 0 0 0
1661111323.5986897945 0 0 0
1661111323.675773859 0 0 0
1661111323.7415232658 0 0 0
1661111323.8073394299 0 0 0
1661111323.8843157291 0 0 0
1661111323.9616305828 0 0 0
1661111324.0388536453 0 0 0
1661111324.1046972275 0 0 0
1661111324.1705131531 0 0 0
1661111324.2365808487 0 0 0
1661111324.3136878014 0 0 0
1661111324.3792262077 0 0 0
1661111324.456353426 0 0 0
1661111324.5336940289 0 0 0
1661111324.5998301506 0 0 0
1661111324.6652703285 0 0 0
1661111324.7424552441 0 0 0
1661111324.8196270466 0 0 0
1661111324.8854365349 0 0 0
1661111324.9625759125 0 0 0
1661111325.0284802914 0 0 0
1661111325.1055281162 0 0 0
1661111325.1713228226 0 0 0
1661111325.2484283447 0 0 0
1661111325.3257508278 0 0 0
1661111325.3914351463 0 0 0
1661111325.4686028957 0 0 0
1661111325.5460624695 0 0 0
1661111325.6225025654 0 0 0
1661111325.6998546124 0 0 0
1661111325.7656195164 0 0 0
1661111325.8312523365 0 0 0
1661111325.9086227417 0 0 0
1661111325.9744241238 0 0 0
1661111326.0515959263 0 0 0
1661111326.1174519062 0 0 0
1661111326.1948728561 0 0 0
1661111326.2605521679 0 0 0
1661111326.3265550137 0 0 0
1661111326.3922364712 0 0 0
1661111326.4695279598 0 0 0
1661111326.5353312492 0 0 0
1661111326.6123161316 0 0 0
1661111326.6898005009 0 0 0
1661111326.7553889751 0 0 0
1661111326.8213632107 0 0 0
1661111326.8987500668 0 0 0
1661111326.9645376205 0 0 0
1661111327.0303575993 0 0 0
1661111327.1075410843 0 0 0
1661111327.1734070778 0 0 0
1661111327.2507350445 0 0 0
1661111327.3165457249 0 0 0
1661111327.3822314739 0 0 0
1661111327.4596805573 0 0 0
1661111327.5256621838 0 0 0
1661111327.5914540291 0 0 0
1661111327.6687223911 0 0 0
1661111327.7346675396 0 0 0
1661111327.8005495071 0 0 0
1661111327.8778269291 0 0 0
1661111327.9435429573 0 0 0
1661111328.0205025673 0 0 0
1661111328.0979976654 0 0 0
1661111328.1743469238 0 0 0
1661111328.2519016266 0 0 0
1661111328.317479372 0 0 0
1661111328.3946280479 0 0 0
1661111328.4603438377 0 0 0
1661111328.5376904011 0 0 0
1661111328.6033520699 0 0 0
1661111328.681116581 0 0 0
1661111328.7467498779 0 0 0
1661111328.8124577999 0 0 0
1661111328.8783266544 0 0 0
1661111328.9557011127 0 0 0
1661111329.0213551521 0 0 0
1661111329.0989365578 0 0 0
1661111329.1647019386 0 0 0
1661111329.2303845882 0 0 0
1661111329.3074388504 0 0 0
1661111329.3850772381 0 0 0
1661111329.4509909153 0 0 0
1661111329.5167269707 0 0 0
1661111329.5823068619 0 0 0
1661111329.6598525047 0 0 0
1661111329.7255871296 0 0 0
1661111329.8030748367 0 0 0
1661111329.8687870502 0 0 0
1661111329.9347510338 0 0 0
1661111330.0005433559 0 0 0
1661111330.0778682232 0 0 0
1661111330.1437213421 0 0 0
1661111330.2093818188 0 0 0
1661111330.2865185738 0 0 0
1661111330.3637378216 0 0 0
1661111330.429595232 0 0 0
1661111330.5069212914 0 0 0
1661111330.5728974342 0 0 0
1661111330.6387174129 0 0 0
1661111330.7042877674 0 0 0
1661111330.7815034389 0 0 0
1661111330.8587584496 0 0 0
1661111330.9251816273 0 0 0
1661111330.9909119606 0 0 0
1661111331.0564510822 0 0 0
1661111331.1339995861 0 0 0
1661111331.1995098591 0 0 0
1661111331.2769286633 0 0 0
1661111331.3425645828 0 0 0
1661111331.4199163914 0 0 0
1661111331.4855029583 0 0 0
1661111331.5626585484 0 0 0
1661111331.6398918629 0 0 0
1661111331.7055313587 0 0 0
1661111331.7712945938 0 0 0
1661111331.8484911919 0 0 0
1661111331.9257788658 0 0 0
1661111331.9919259548 0 0 0
1661111332.0573296547 0 0 0
1661111332.1346654892 0 0 0
1661111332.2122073174 0 0 0
1661111332.2778298855 0 0 0
1661111332.3433644772 0 0 0
1661111332.420820713 0 0 0
1661111332.4866659641 0 0 0
1661111332.5525863171 0 0 0
1661111332.6185057163 0 0 0
1661111332.6957330704 0 0 0
1661111332.7731103897 0 0 0
1661111332.8387608528 0 0 0
1661111332.9042217731 0 0 0
1661111332.981744051 0 0 0
1661111333.0588345528 0 0 0
1661111333.1246824265 0 0 0
1661111333.1904592514 0 0 0
1661111333.267996788 0 0 0
1661111333.334041357 0 0 0
1661111333.399689436 0 0 0
1661111333.4653117657 0 0 0
1661111333.542589426 0 0 0
1661111333.6082975864 0 0 0
1661111333.6855516434 0 0 0
1661111333.7628433704 0 0 0
1661111333.8284687996 0 0 0
1661111333.9055612087 0 0 0
1661111333.9828498363 0 0 0
1661111334.0483562946 0 0 0
1661111334.1255903244 0 0 0
1661111334.1921644211 0 0 0
1661111334.2576375008 0 0 0
1661111334.3232769966 0 0 0
1661111334.4008979797 0 0 0
1661111334.4665226936 0 0 0
1661111334.5438051224 0 0 0
1661111334.6095738411 0 0 0
1661111334.6754040718 0 0 0
1661111334.752710104 0 0 0
1661111334.8183062077 0 0 0
1661111334.8957352638 0 0 0
1661111334.9617836475 0 0 0
1661111335.0272185802 0 0 0
1661111335.104596138 0 0 0
1661111335.181874752 0 0 0
1661111335.2479317188 0 0 0
1661111335.3137514591 0 0 0
1661111335.3794493675 0 0 0
1661111335.4567658901 0 0 0
1661111335.5224268436 0 0 0
1661111335.5998809338 0 0 0
1661111335.6656928062 0 0 0
1661111335.7315480709 0 0 0
1661111335.8089394569 0 0 0
1661111335.8747091293 0 0 0
1661111335.9404206276 0 0 0
1661111336.0177781582 0 0 0
1661111336.0834736824 0 0 0
1661111336.1605074406 0 0 0
1661111336.2378327847 0 0 0
1661111336.3036620617 0 0 0
1661111336.3811626434 0 0 0
1661111336.4468612671 0 0 0
1661111336.5125341415 0 0 0
1661111336.5899305344 0 0 0
1661111336.6557438374 0 0 0
1661111336.7215499878 0 0 0
1661111336.7990467548 0 0 0
1661111336.8645908833 0 0 0
1661111336.9418401718 0 0 0
1661111337.0074722767 0 0 0
1661111337.0845899582 0 0 0
1661111337.1618487835 0 0 0
1661111337.2276194096 0 0 0
1661111337.3049836159 0 0 0
1661111337.3819639683 0 0 0
1661111337.447586298 0 0 0
1661111337.5248172283 0 0 0
1661111337.5906348228 0 0 0
1661111337.667889595 0 0 0
1661111337.7335457802 0 0 0
1661111337.8108870983 0 0 0
1661111337.8766548634 0 0 0
1661111337.942358017 0 0 0
1661111338.0196363926 0 0 0
1661111338.0970053673 0 0 0
1661111338.1627709866 0 0 0
1661111338.2284548283 0 0 0
1661111338.3057506084 0 0 0
1661111338.3714716434 0 0 0
1661111338.4485185146 0 0 0
1661111338.5257294178 0 0 0
1661111338.5915129185 0 0 0
1661111338.6689169407 0 0 0
1661111338.7349054813 0 0 0
1661111338.8004648685 0 0 0
1661111338.8777015209 0 0 0
1661111338.9551756382 0 0 0
1661111339.020812273 0 0 0
1661111339.0864899158 0 0 0
1661111339.1636242867 0 0 0
1661111339.2413210869 0 0 0
1661111339.3066923618 0 0 0
1661111339.3727490902 0 0 0
1661111339.4498317242 0 0 0
1661111339.5271120071 0 0 0
1661111339.614773035 0 0 0
1661111339.6920380592 0 0 0
1661111339.7693879604 0 0 0
1661111339.8344454765 0 0 0
1661111339.9004378319 0 0 0
1661111339.9778761864 0 0 0
1661111340.0436022282 0 0 0
1661111340.1211214066 0 0 0
1661111340.1974785328 0 0 0
1661111340.2640969753 0 0 0
1661111340.341083765 0 0 0
1661111340.4069018364 0 0 0
1661111340.4733521938 0 0 0
1661111340.538526535 0 0 0
1661111340.6154060364 0 0 0
1661111340.682113409 0 0 0
1661111340.7473614216 0 0 0
1661111340.8246183395 0 0 0
1661111340.9023547173 0 0 0
1661111340.967653513 0 0 0
1661111341.0448768139 0 0 0
1661111341.1214253902 0 0 0
