1661718420.1432948112 0 0 0
1661718420.209176302 0 0 0
1661718420.2864658833 0 0 0
1661718420.3522257805 0 0 0
1661718420.4182534218 0 0 0
1661718420.484087944 0 0 0
1661718420.5501713753 0 0 0
1661718420.6157779694 0 0 0
1661718420.6931345463 0 0 0
1661718420.7705249786 0 0 0
1661718420.8362944126 0 0 0
1661718420.9022421837 0 0 0
1661718420.9793868065 0 0 0
1661718421.0452091694 0 0 0
1661718421.1225481033 0 0 0
1661718421.1881673336 0 0 0
1661718421.2542252541 0 0 0
1661718421.3199241161 0 0 0
1661718421.3973166943 0 0 0
1661718421.4632263184 0 0 0
1661718421.5289063454 0 0 0
1661718421.6062753201 0 0 0
1661718421.6722602844 0 0 0
1661718421.7378411293 0 0 0
1661718421.8152704239 0 0 0
1661718421.8815777302 0 0 0
1661718421.9473180771 0 0 0
1661718422.0130925179 0 0 0
1661718422.078772068 0 0 0
1661718422.1566958427 0 0 0
1661718422.2329742908 0 0 0
1661718422.3100097179 0 0 0
1661718422.3869872093 0 0 0
1661718422.4644794464 0 0 0
1661718422.5301294327 0 0 0
1661718422.6073186398 0 0 0
1661718422.6731271744 0 0 0
1661718422.7390143871 0 0 0
1661718422.8162643909 0 0 0
1661718422.8820095062 0 0 0
1661718422.959253788 0 0 0
1661718423.0249927044 0 0 0
1661718423.1022377014 0 0 0
1661718423.167894125 0 0 0
1661718423.244964838 0 0 0
1661718423.3218364716 0 0 0
1661718423.3991296291 0 0 0
1661718423.4650084972 0 0 0
1661718423.5421602726 0 0 0
1661718423.6196992397 0 0 0
1661718423.6963217258 0 0 0
1661718423.7620084286 0 0 0
1661718423.8393666744 0 0 0
1661718423.9049813747 0 0 0
1661718423.9823904037 0 0 0
1661718424.0481612682 0 0 0
1661718424.1254725456 0 0 0
1661718424.1912076473 0 0 0
1661718424.2570121288 0 0 0
1661718424.3343434334 0 0 0
1661718424.4001560211 0 0 0
1661718424.4658122063 0 0 0
1661718424.5431034565 0 0 0
1661718424.6205201149 0 0 0
1661718424.6863930225 0 0 0
1661718424.7519462109 0 0 0
1661718424.8294930458 0 0 0
1661718424.8953201771 0 0 0
1661718424.9611229897 0 0 0
1661718425.0385243893 0 0 0
1661718425.1043796539 0 0 0
1661718425.1701984406 0 0 0
1661718425.2361710072 0 0 0
1661718425.3021416664 0 0 0
1661718425.3791725636 0 0 0
1661718425.4450032711 0 0 0
1661718425.5223622322 0 0 0
1661718425.5880401134 0 0 0
1661718425.6655888557 0 0 0
1661718425.7307736874 0 0 0
1661718425.797372818 0 0 0
1661718425.863401413 0 0 0
1661718425.9295086861 0 0 0
1661718425.9953289032 0 0 0
1661718426.0610280037 0 0 0
1661718426.1384160519 0 0 0
1661718426.2040669918 0 0 0
1661718426.2812943459 0 0 0
1661718426.3472075462 0 0 0
1661718426.4129588604 0 0 0
1661718426.4902870655 0 0 0
1661718426.556422472 0 0 0
1661718426.62200737 0 0 0
1661718426.6994185448 0 0 0
1661718426.7652220726 0 0 0
1661718426.8310322762 0 0 0
1661718426.9084103107 0 0 0
1661718426.9740586281 0 0 0
1661718427.0513470173 0 0 0
1661718427.1171257496 0 0 0
1661718427.1943230629 0 0 0
1661718427.2607834339 0 0 0
1661718427.3370697498 0 0 0
1661718427.4148242474 0 0 0
1661718427.4912078381 0 0 0
1661718427.5574457645 0 0 0
1661718427.623329401 0 0 0
1661718427.7006003857 0 0 0
1661718427.7660887241 0 0 0
1661718427.8434829712 0 0 0
1661718427.9091098309 0 0 0
1661718427.9866673946 0 0 0
1661718428.0524470806 0 0 0
1661718428.1180467606 0 0 0
1661718428.1953849792 0 0 0
1661718428.2611541748 0 0 0
1661718428.337854147 0 0 0
1661718428.4150326252 0 0 0
1661718428.4923682213 0 0 0
1661718428.5697345734 0 0 0
1661718428.6461815834 0 0 0
1661718428.7234883308 0.23000000000000000999 0 0
1661718428.7893843651 0.46000000000000001998 0 0
1661718428.8551020622 0.66000000000000003109 0 0
1661718428.932520628 0.8499999999999999778 0 0
1661718428.9984226227 1 0 0
1661718429.0644123554 1 0 0
1661718429.1412653923 1 0 0
1661718429.21849823 1 0 0
1661718429.2842059135 1 0 0
1661718429.3610234261 1 0 0
1661718429.4383871555 1 0 0
1661718429.5040638447 1 0 0
1661718429.5812456608 1 0 0
1661718429.6468305588 1 0 0
1661718429.7241535187 1 0 0
1661718429.8013961315 1 0 0
1661718429.867166996 1 0 0
1661718429.9331221581 1 0 0
1661718430.0106167793 1 0 0
1661718430.0761995316 1 0 0
1661718430.1425275803 1 0 0
1661718430.2191579342 1 0 0
1661718430.2966108322 1 0 0
1661718430.3623445034 1 0 0
1661718430.4280087948 1 0 0
1661718430.4947576523 1 0 0
1661718430.5603981018 1 0 0
1661718430.6261248589 1 0 0
1661718430.7032337189 1 0 0
1661718430.7805469036 1 0 0
1661718430.8571667671 1 0 0
1661718430.9346663952 1 0 0
1661718431.0111124516 1 0 0
1661718431.0880300999 1 0 0
1661718431.165355444 1 0 0
1661718431.2426486015 1 0 0
1661718431.3082590103 1 0 0
1661718431.3853206635 0.99499999999999999556 0 0
1661718431.451146841 0.95500000000000007105 0 0
1661718431.5283679962 0.89000000000000001332 0 0
1661718431.5939965248 0.8350000000000000755 0 0
1661718431.6709096432 0.75 0 0
1661718431.7481138706 0.71499999999999996891 0 0
1661718431.8256998062 0.66000000000000003109 0 0
1661718431.8916342258 0.65500000000000002665 0 0
1661718431.957419157 0.64000000000000001332 0 0
1661718432.023165226 0.64000000000000001332 0 0
1661718432.1004667282 0.64000000000000001332 0 0
1661718432.1663739681 0.63000000000000000444 0 0
1661718432.2434425354 0.58999999999999996891 0 0
1661718432.3206446171 0.50500000000000000444 0 0
1661718432.3863732815 0.51500000000000001332 0 0
1661718432.4632539749 0.33500000000000001998 0 0
1661718432.5403647423 0.10500000000000000999 0 0
1661718432.617249012 -0.11999999999999999556 0 0
1661718432.684473753 -0.3499999999999999778 0 0
1661718432.7489600182 -0.55000000000000004441 0 0
1661718432.8264536858 -0.73999999999999999112 0 0
1661718432.9035615921 -0.97999999999999998224 0 0
1661718432.9692032337 -1 0 0
1661718433.0464103222 -1 0 0
1661718433.1121778488 -0.98499999999999998668 0 0
1661718433.1891388893 -1 0 0
1661718433.2666463852 -0.75500000000000000444 0 0
1661718433.3325426579 -0.53000000000000002665 0 0
1661718433.3983578682 -0.33000000000000001554 0 0
1661718433.4757285118 -0.14000000000000001332 0 0
1661718433.5414085388 0 0 0
1661718433.6071076393 0 0 0
1661718433.6847674847 -0.19000000000000000222 0 0
1661718433.7504565716 -0.42500000000000004441 0 0
1661718433.8160359859 -0.61999999999999999556 0 0
1661718433.8933684826 -0.71999999999999997335 0 0
1661718433.9706501961 -0.75500000000000000444 0 0
1661718434.0363512039 -0.75500000000000000444 0 0
1661718434.1133651733 -0.75500000000000000444 0 0
1661718434.1905114651 -0.75500000000000000444 0 0
1661718434.2561016083 -0.85999999999999987566 0 0
1661718434.3333790302 -0.91500000000000003553 0 0
1661718434.3990795612 -1 0 0
1661718434.4761996269 -1 0 0
1661718434.5535206795 -0.8350000000000000755 0 0
1661718434.6302037239 -0.79499999999999992895 0 0
1661718434.6963629723 -0.78499999999999992006 0 0
1661718434.7622001171 -0.79499999999999992895 0 0
1661718434.8398518562 -0.79499999999999992895 0 0
1661718434.9056146145 -0.79499999999999992895 0 0
1661718434.9718763828 -0.88000000000000000444 0 0
1661718435.0377151966 -1 0 0
1661718435.1145372391 -0.85999999999999987566 0 0
1661718435.1803240776 -0.75500000000000000444 0 0
1661718435.2575454712 -0.75500000000000000444 0 0
1661718435.3236620426 -0.75500000000000000444 0 0
1661718435.3894307613 -0.9000000000000000222 0 0
1661718435.4666376114 -0.80000000000000004441 0 0
1661718435.5548064709 -0.56000000000000005329 0 0
1661718435.6205017567 -0.2999999999999999889 0 0
1661718435.6865377426 -0.10000000000000000555 0 0
1661718435.7632350922 0 0 0
1661718435.8405706882 0 0 0
1661718435.9175536633 0 0 0
1661718435.9832265377 0 0 0
1661718436.0604460239 0 0 0
1661718436.1258893013 0 0 0
1661718436.1923844814 0 0 0
1661718436.2692148685 0 0 0
1661718436.3463480473 0 0 0
1661718436.4125585556 0 0 0
1661718436.4779686928 0 0 0
1661718436.5555670261 0 0 0
1661718436.6210567951 0 0 0
1661718436.6984539032 0 0 0
1661718436.7753579617 0 0 0
1661718436.8527467251 0 0 0
1661718436.9183592796 0.23000000000000000999 0 0
1661718436.9843220711 0.41999999999999998446 0 0
1661718437.061602354 0.61999999999999999556 0 0
1661718437.1273992062 0.8499999999999999778 0 0
1661718437.2045638561 1 0 0
1661718437.2702133656 0.92999999999999993783 0 0
1661718437.3473312855 0.8499999999999999778 0 0
1661718437.4247205257 0.78499999999999992006 0 0
1661718437.4903478622 0.76000000000000000888 0 0
1661718437.5675959587 0.76000000000000000888 0 0
1661718437.6331431866 0.76000000000000000888 0 0
1661718437.7106564045 0.76000000000000000888 0 0
1661718437.7760901451 0.76000000000000000888 0 0
1661718437.8532226086 0.88000000000000000444 0 0
1661718437.9308662415 1 0 0
1661718437.9968328476 1 0 0
1661718438.0627763271 1 0 0
1661718438.1281216145 0.99499999999999999556 0 0
1661718438.205480814 0.99499999999999999556 0 0
1661718438.2711677551 1 0 0
1661718438.3480181694 1 0 0
1661718438.4252068996 0.85499999999999998224 0 0
1661718438.5022447109 0.83000000000000007105 0 0
1661718438.5790877342 0.78499999999999992006 0 0
1661718438.6562576294 0.72999999999999998224 0 0
1661718438.7337367535 0.73499999999999998668 0 0
1661718438.7991960049 0.73499999999999998668 0 0
1661718438.8765902519 0.875 0 0
1661718438.9423866272 1 0 0
1661718439.0080423355 1 0 0
1661718439.0855841637 1 0 0
1661718439.1629943848 1 0 0
1661718439.2393977642 1 0 0
1661718439.3050203323 1 0 0
1661718439.3824100494 1 0 0
1661718439.4482605457 0.96999999999999997335 0 0
1661718439.5256927013 0.95500000000000007105 0 0
1661718439.5913624763 0.95500000000000007105 0 0
1661718439.6685709953 0.93999999999999994671 0 0
1661718439.7344522476 0.92999999999999993783 0 0
1661718439.8118312359 0.88000000000000000444 0 0
1661718439.87758708 0.83000000000000007105 0 0
1661718439.9432830811 0.71999999999999997335 0 0
1661718440.0206363201 0.6500000000000000222 0 0
1661718440.0870404243 0.5999999999999999778 0 0
1661718440.1631526947 0.57999999999999996003 0 0
1661718440.2400991917 0.57999999999999996003 0 0
1661718440.3173866272 0.57000000000000006217 0 0
1661718440.3831045628 0.51000000000000000888 0 0
1661718440.4600930214 0.4749999999999999778 0 0
1661718440.5371060371 0.36999999999999999556 0 0
1661718440.6030819416 0.20999999999999990896 0 0
1661718440.6800916195 0.015000000000000013323 0 0
1661718440.7571549416 0 0 0
1661718440.8345367908 0 0 0
1661718440.9000101089 0 0 0
1661718440.9770600796 0 0 0
1661718441.0550251007 0 0 0
1661718441.1205255985 0 0 0
1661718441.1860575676 0 0 0
1661718441.2632834911 0 0 0
1661718441.3403315544 0 0 0
1661718441.4173803329 -0.10000000000000000555 0 0
1661718441.4944620132 -0.32999999999999996003 0 0
1661718441.5719006062 -0.46499999999999996891 0 0
1661718441.6374402046 -0.55000000000000004441 0 0
1661718441.7147548199 -0.60499999999999998224 0 0
1661718441.7803723812 -0.63500000000000000888 0 0
1661718441.857714653 -0.68500000000000005329 0 0
1661718441.9232838154 -0.71999999999999997335 0 0
1661718442.0001888275 -0.84499999999999997335 0 0
1661718442.0773994923 -1 0 0
1661718442.1545050144 -1 0 0
1661718442.220079422 -0.90999999999999992006 0 0
1661718442.2971422672 -0.76000000000000000888 0 0
1661718442.3638484478 -0.72999999999999998224 0 0
1661718442.4295394421 -0.66000000000000003109 0 0
1661718442.4951236248 -0.65500000000000002665 0 0
1661718442.5723512173 -0.66000000000000003109 0 0
1661718442.6496722698 -0.65500000000000002665 0 0
1661718442.7262299061 -0.73499999999999998668 0 0
1661718442.8034629822 -0.76500000000000001332 0 0
1661718442.8805444241 -0.84499999999999997335 0 0
1661718442.9466636181 -1 0 0
1661718443.0148773193 -1 0 0
1661718443.1006865501 -0.90999999999999992006 0 0
1661718443.1663870811 -1 0 0
1661718443.2439296246 -1 0 0
1661718443.3095405102 -1 0 0
1661718443.3863689899 -1 0 0
1661718443.4636497498 -0.80000000000000004441 0 0
1661718443.5293004513 -0.56000000000000005329 0 0
1661718443.6066961288 -0.36999999999999999556 0 0
1661718443.6723473072 -0.14000000000000001332 0 0
1661718443.7495484352 0 0 0
1661718443.8153846264 0 0 0
1661718443.8927459717 0 0 0
1661718443.9587664604 0 0 0
1661718444.0243430138 0 0 0
1661718444.1013810635 0 0 0
1661718444.1680839062 -0.22999999999999998224 0 0
1661718444.233720541 -0.4249999999999999889 0 0
1661718444.2993712425 -0.22999999999999998224 0 0
1661718444.3768093586 -0.02999999999999999889 0 0
1661718444.442391634 0 0 0
1661718444.5196301937 -0.19000000000000000222 0 0
1661718444.585367918 -0.4249999999999999889 0 0
1661718444.6630513668 -0.61999999999999988454 0 0
1661718444.7394099236 -0.39000000000000001332 0 0
1661718444.8052535057 -0.16000000000000000333 0 0
1661718444.8828277588 0 0 0
1661718444.9485239983 0 0 0
1661718445.0144612789 0 0 0
1661718445.0806093216 0 0 0
1661718445.1464650631 0 0 0
1661718445.2124145031 0 0 0
1661718445.2895388603 0 0 0
1661718445.3554184437 0.020000000000000000416 0 0
1661718445.432541132 0.22000000000000000111 0 0
1661718445.4986150265 0.4500000000000000111 0 0
1661718445.5642068386 0.6500000000000000222 0 0
1661718445.6414418221 0.8499999999999999778 0 0
1661718445.7072973251 0.96999999999999997335 0 0
1661718445.7844486237 0.95999999999999996447 0 0
1661718445.8617882729 0.95500000000000007105 0 0
1661718445.9273667336 0.95500000000000007105 0 0
1661718446.0046136379 0.95999999999999996447 0 0
1661718446.0702257156 0.95999999999999996447 0 0
1661718446.1473510265 0.95500000000000007105 0 0
1661718446.2245838642 0.95500000000000007105 0 0
1661718446.2906506062 0.95500000000000007105 0 0
1661718446.3562142849 0.94500000000000006217 0 0
1661718446.4337515831 0.94500000000000006217 0 0
1661718446.4995577335 0.94500000000000006217 0 0
1661718446.5651443005 0.94500000000000006217 0 0
1661718446.6423406601 0.95500000000000007105 0 0
1661718446.7193787098 0.96999999999999997335 0 0
1661718446.7853810787 0.97999999999999998224 0 0
1661718446.8624377251 0.98499999999999998668 0 0
1661718446.9287216663 1 0 0
1661718446.9943583012 1 0 0
1661718447.0720589161 1 0 0
1661718447.137706995 1 0 0
1661718447.2035295963 1 0 0
1661718447.2692217827 1 0 0
1661718447.3466491699 1 0 0
1661718447.4121181965 1 0 0
1661718447.4898097515 1 0 0
1661718447.555264473 1 0 0
1661718447.6323189735 1 0 0
1661718447.7095010281 0.96999999999999997335 0 0
1661718447.7867860794 0.95500000000000007105 0 0
1661718447.8524065018 0.95999999999999996447 0 0
1661718447.9295253754 0.95999999999999996447 0 0
1661718447.9954631329 0.94500000000000006217 0 0
1661718448.0720434189 0.94500000000000006217 0 0
1661718448.1388492584 0.94500000000000006217 0 0
1661718448.2043738365 0.89500000000000001776 0 0
1661718448.2815577984 0.85999999999999987566 0 0
1661718448.3472456932 0.8350000000000000755 0 0
1661718448.4242830276 0.8350000000000000755 0 0
1661718448.5012536049 0.82499999999999995559 0 0
1661718448.5785501003 0.76000000000000000888 0 0
1661718448.6557195187 0.7249999999999999778 0 0
1661718448.7218432426 0.71999999999999997335 0 0
1661718448.7873730659 0.70499999999999996003 0 0
1661718448.8645260334 0.68999999999999994671 0 0
1661718448.9302062988 0.67000000000000003997 0 0
1661718449.0074796677 0.6500000000000000222 0 0
1661718449.0732347965 0.64000000000000001332 0 0
1661718449.1506743431 0.64000000000000001332 0 0
1661718449.216388464 0.64000000000000001332 0 0
1661718449.2932631969 0.64000000000000001332 0 0
1661718449.3704288006 0.64000000000000001332 0 0
1661718449.4475126266 0.64000000000000001332 0 0
1661718449.5248165131 0.64000000000000001332 0 0
1661718449.5905060768 0.64000000000000001332 0 0
1661718449.6679933071 0.60999999999999998668 0 0
1661718449.7335417271 0.60999999999999998668 0 0
1661718449.7993445396 0.60999999999999998668 0 0
1661718449.8766033649 0.58999999999999996891 0 0
1661718449.9424409866 0.53000000000000002665 0 0
1661718450.0082006454 0.47999999999999998224 0 0
1661718450.0854239464 0.39500000000000001776 0 0
1661718450.1513156891 0.25 0 0
1661718450.228760004 0.049999999999999988898 0 0
1661718450.2944839001 -0.17999999999999996558 0 0
1661718450.3718521595 -0.36999999999999999556 0 0
1661718450.4376046658 -0.60499999999999998224 0 0
1661718450.5040721893 -0.80000000000000004441 0 0
1661718450.580155611 -1 0 0
1661718450.6575620174 -1 0 0
1661718450.7231781483 -1 0 0
1661718450.7897274494 -1 0 0
1661718450.8551642895 -1 0 0
1661718450.9325013161 -1 0 0
1661718451.0094416142 -1 0 0
1661718451.0861284733 -1 0 0
1661718451.1632404327 -1 0 0
1661718451.2409157753 -1 0 0
1661718451.3065538406 -1 0 0
1661718451.3836772442 -1 0 0
1661718451.4494204521 -1 0 0
1661718451.5263450146 -1 0 0
1661718451.6034700871 -1 0 0
1661718451.6805076599 -1 0 0
1661718451.7578613758 -0.98499999999999998668 0 0
1661718451.8351316452 -0.97999999999999998224 0 0
1661718451.900393486 -0.97999999999999998224 0 0
1661718451.9775650501 -0.98499999999999998668 0 0
1661718452.054598093 -0.86499999999999999112 0 0
1661718452.1315736771 -0.86499999999999999112 0 0
1661718452.1973338127 -0.86499999999999999112 0 0
1661718452.2745165825 -0.86499999999999999112 0 0
1661718452.3515307903 -0.86499999999999999112 0 0
1661718452.4288208485 -0.86499999999999999112 0 0
1661718452.4944701195 -0.875 0 0
1661718452.5715651512 -0.85999999999999987566 0 0
1661718452.6503379345 -0.90999999999999992006 0 0
1661718452.7365784645 -0.76000000000000000888 0 0
1661718452.8023138046 -0.5 0 0
1661718452.8795711994 -0.2999999999999999889 0 0
1661718452.9451973438 -0.070000000000000006661 0 0
1661718453.0224251747 0 0 0
1661718453.0996742249 0 0 0
1661718453.1767475605 0 0 0
1661718453.2425487041 0 0 0
1661718453.309053421 0 0 0
1661718453.3742163181 0 0 0
1661718453.4514379501 0 0 0
1661718453.5281956196 0 0 0
1661718453.6056687832 0 0 0
1661718453.6716690063 0 0 0
1661718453.737467289 0 0 0
1661718453.8145239353 0 0 0
1661718453.8916568756 0 0 0
1661718453.9581503868 0 0 0
1661718454.0343778133 0 0 0
1661718454.1115803719 0 0 0
1661718454.1888227463 0.23000000000000000999 0 0
1661718454.2546403408 0.45999999999999996447 0 0
1661718454.3318719864 0.65500000000000002665 0 0
1661718454.3978607655 0.875 0 0
1661718454.4636170864 0.74499999999999999556 0 0
1661718454.541018486 0.7249999999999999778 0 0
1661718454.6065239906 0.68500000000000005329 0 0
1661718454.6838359833 0.68500000000000005329 0 0
1661718454.7496652603 0.68500000000000005329 0 0
1661718454.8152222633 0.68500000000000005329 0 0
1661718454.8931925297 0.76500000000000001332 0 0
1661718454.9587647915 0.94999999999999995559 0 0
1661718455.0245571136 1 0 0
1661718455.090811491 1 0 0
1661718455.1562652588 0.9000000000000000222 0 0
1661718455.2336859703 0.90999999999999992006 0 0
1661718455.3102519512 0.90999999999999992006 0 0
1661718455.3874177933 0.91500000000000003553 0 0
1661718455.4646906853 0.79499999999999992895 0 0
1661718455.5305223465 0.68999999999999994671 0 0
1661718455.6079211235 0.69500000000000006217 0 0
1661718455.6733970642 0.68999999999999994671 0 0
1661718455.7504277229 0.70499999999999996003 0 0
1661718455.8279314041 0.69500000000000006217 0 0
1661718455.8935770988 0.78499999999999992006 0 0
1661718455.9707334042 0.94999999999999995559 0 0
1661718456.0365154743 1 0 0
1661718456.1133673191 1 0 0
1661718456.1794958115 1 0 0
1661718456.2453098297 0.93999999999999994671 0 0
1661718456.3116972446 0.86499999999999999112 0 0
1661718456.3884453773 0.73499999999999998668 0 0
1661718456.4656457901 0.7249999999999999778 0 0
1661718456.5319268703 0.70499999999999996003 0 0
1661718456.5977101326 0.70499999999999996003 0 0
1661718456.6632540226 0.69500000000000006217 0 0
1661718456.7407886982 0.69500000000000006217 0 0
1661718456.8065412045 0.82499999999999995559 0 0
1661718456.8726294041 0.86499999999999999112 0 0
1661718456.9497842789 0.86499999999999999112 0 0
1661718457.0152235031 0.86499999999999999112 0 0
1661718457.0926270485 0.85999999999999987566 0 0
1661718457.1583058834 0.82000000000000006217 0 0
1661718457.2353551388 0.78000000000000002665 0 0
1661718457.3123748302 0.74499999999999999556 0 0
1661718457.3896315098 0.67000000000000003997 0 0
1661718457.4668252468 0.66500000000000003553 0 0
1661718457.5325760841 0.65500000000000002665 0 0
1661718457.6097884178 0.65500000000000002665 0 0
1661718457.6754276752 0.65500000000000002665 0 0
1661718457.7524909973 0.65500000000000002665 0 0
1661718457.8297052383 0.63500000000000000888 0 0
1661718457.8955175877 0.63500000000000000888 0 0
1661718457.9724056721 0.63500000000000000888 0 0
1661718458.0494494438 0.63500000000000000888 0 0
1661718458.126667738 0.63500000000000000888 0 0
1661718458.2038755417 0.63500000000000000888 0 0
1661718458.2694783211 0.63500000000000000888 0 0
1661718458.3465173244 0.63500000000000000888 0 0
1661718458.4239411354 0.63500000000000000888 0 0
1661718458.50020504 0.63500000000000000888 0 0
1661718458.5774812698 0.63500000000000000888 0 0
1661718458.6547162533 0.63500000000000000888 0 0
1661718458.7208194733 0.63500000000000000888 0 0
1661718458.7975940704 0.64000000000000001332 0 0
1661718458.8745999336 0.64000000000000001332 0 0
1661718458.940549612 0.6500000000000000222 0 0
1661718459.0177030563 0.6500000000000000222 0 0
1661718459.0833358765 0.64000000000000001332 0 0
1661718459.1605277061 0.65500000000000002665 0 0
1661718459.2377789021 0.65500000000000002665 0 0
1661718459.3035683632 0.65500000000000002665 0 0
1661718459.3808312416 0.65500000000000002665 0 0
1661718459.4464309216 0.65500000000000002665 0 0
1661718459.523614645 0.64000000000000001332 0 0
1661718459.6004972458 0.57000000000000006217 0 0
1661718459.6777558327 0.5999999999999999778 0 0
1661718459.7432427406 0.53499999999999992006 0 0
1661718459.8204243183 0.33000000000000001554 0 0
1661718459.8863794804 0.11000000000000000056 0 0
1661718459.9636259079 -0.080000000000000001665 0 0
1661718460.0408987999 -0.30999999999999999778 0 0
1661718460.1064071655 -0.55000000000000004441 0 0
1661718460.1834654808 -0.73999999999999999112 0 0
1661718460.2605760098 -0.96999999999999997335 0 0
1661718460.3262579441 -1 0 0
1661718460.4033885002 -1 0 0
1661718460.4806849957 -1 0 0
1661718460.5578680038 -1 0 0
1661718460.6233901978 -1 0 0
1661718460.7005434036 -1 0 0
1661718460.7776765823 -1 0 0
1661718460.8546996117 -1 0 0
1661718460.920290947 -1 0 0
1661718460.9975414276 -1 0 0
1661718461.0746884346 -1 0 0
1661718461.1519122124 -1 0 0
1661718461.2176909447 -1 0 0
1661718461.2947018147 -0.89000000000000001332 0 0
1661718461.3716483116 -0.76000000000000000888 0 0
1661718461.4488320351 -0.76500000000000001332 0 0
1661718461.5260117054 -0.76500000000000001332 0 0
1661718461.5915324688 -0.76500000000000001332 0 0
1661718461.6688022614 -0.76000000000000000888 0 0
1661718461.7344434261 -0.76000000000000000888 0 0
1661718461.8118286133 -0.76000000000000000888 0 0
1661718461.8774626255 -0.8499999999999999778 0 0
1661718461.9544909 -1 0 0
1661718462.0318894386 -1 0 0
1661718462.0976424217 -0.94500000000000006217 0 0
1661718462.1634652615 -0.94500000000000006217 0 0
1661718462.2296578884 -0.95500000000000007105 0 0
1661718462.3067553043 -0.80000000000000004441 0 0
1661718462.3848972321 -0.56000000000000005329 0 0
1661718462.4498081207 -0.33000000000000001554 0 0
1661718462.5161349773 -0.14000000000000001332 0 0
1661718462.5817964077 0 0 0
1661718462.6591506004 0 0 0
1661718462.7354199886 0 0 0
1661718462.8128430843 0 0 0
1661718462.8786861897 -0.22999999999999992673 0 0
1661718462.9559454918 -0.035000000000000003331 0 0
1661718463.0215756893 0 0 0
1661718463.0986001492 0 0 0
1661718463.1645069122 0 0 0
1661718463.2418887615 0 0 0
1661718463.3073275089 0 0 0
1661718463.3847844601 0 0 0
1661718463.4619221687 0 0 0
1661718463.5277810097 0 0 0
1661718463.5935406685 0 0 0
1661718463.6708385944 0 0 0
1661718463.7365376949 0 0 0
1661718463.8136398792 0 0 0
1661718463.8907923698 0 0 0
1661718463.956533432 0 0 0
1661718464.0336897373 0 0 0
1661718464.0994348526 0 0 0
1661718464.1768257618 0 0 0
1661718464.242729187 0 0 0
1661718464.3199732304 0 0 0
1661718464.3856315613 0 0 0
1661718464.4628045559 0 0 0
1661718464.5283720493 0 0 0
1661718464.6058690548 0 0 0
1661718464.6717963219 0 0 0
1661718464.7378535271 0 0 0
1661718464.8037414551 0 0 0
1661718464.8694617748 0 0 0
1661718464.9462790489 0 0 0
1661718465.0236976147 0 0 0
1661718465.0901811123 0 0 0
1661718465.1558716297 0 0 0
1661718465.2216355801 0 0 0
1661718465.2989664078 0 0 0
1661718465.3646662235 0 0 0
1661718465.4304537773 0 0 0
1661718465.5078885555 0 0 0
1661718465.5735235214 0 0 0
1661718465.6503174305 0 0 0
1661718465.7275674343 0 0 0
1661718465.8044266701 0 0 0
1661718465.8814170361 0 0 0
1661718465.9589550495 0 0 0
1661718466.0247085094 0 0 0
1661718466.1017622948 0 0 0
1661718466.1791260242 0 0 0
1661718466.2448298931 0 0 0
1661718466.310611248 0 0 0
1661718466.3877916336 0 0 0
1661718466.4533929825 0 0 0
1661718466.5307843685 0 0 0
1661718466.5964155197 0 0 0
1661718466.6737236977 0 0 0
1661718466.7510845661 0 0 0
1661718466.8165287971 0 0 0
1661718466.8938603401 0 0 0
1661718466.9706690311 0 0 0
1661718467.0478920937 0 0 0
1661718467.1134922504 0 0 0
1661718467.1907236576 0 0 0
1661718467.2568590641 0 0 0
1661718467.3224864006 0 0 0
1661718467.4002962112 0 0 0
1661718467.4765369892 0 0 0
1661718467.5535211563 0 0 0
1661718467.6306893826 0 0 0
1661718467.6967711449 0 0 0
1661718467.774119854 0 0 0
1661718467.8505642414 0 0 0
1661718467.9282906055 0 0 0
1661718468.0047757626 0 0 0
1661718468.0711815357 0 0 0
1661718468.1371262074 0 0 0
1661718468.2032446861 0 0 0
1661718468.2797007561 0 0 0
1661718468.3563358784 0 0 0
1661718468.4227538109 0 0 0
1661718468.4887259007 0 0 0
1661718468.5659286976 0 0 0
1661718468.6427288055 0 0 0
1661718468.7202100754 0 0 0
1661718468.785918951 0 0 0
1661718468.8518519402 0 0 0
1661718468.9178397655 0 0 0
1661718468.9834592342 0 0 0
1661718469.0607130527 0 0 0
1661718469.1273565292 0 0 0
1661718469.2041404247 0 0 0
1661718469.2697682381 0 0 0
1661718469.335722208 0 0 0
1661718469.4015226364 0 0 0
