1652323883.4339859486 0 0 0
1652323883.5330822468 0 0 0
1652323883.632796526 0 0 0
1652323883.7308759689 0 0 0
1652323883.830780983 0 0 0
1652323883.9296996593 0 0 0
1652323884.0285372734 0 0 0
1652323884.1276245117 0 0 0
1652323884.2372772694 0 0 0
1652323884.3360776901 0 0 0
1652323884.4355201721 0 0 0
1652323884.5347113609 0 0 0
1652323884.6329479218 0 0 0
1652323884.7317771912 0 0 0
1652323884.8308293819 0 0 0
1652323884.9308173656 0 0 0
1652323885.0296533108 0 0 0
1652323885.1288137436 0 0 0
1652323885.227782011 0 0 0
1652323885.3376379013 0 0 0
1652323885.4358625412 0 0 0
1652323885.5355701447 0 0 0
1652323885.6342098713 0 0 0
1652323885.7333695889 0 0 0
1652323885.8319761753 0 0 0
1652323885.9312856197 0 0 0
1652323886.0302333832 0 0 0
1652323886.1287851334 0 0 0
1652323886.2279479504 0 0 0
1652323886.3272268772 0 0 0
1652323886.4371657372 0 0 0
1652323886.536689043 0 0 0
1652323886.6355721951 0 0 0
1652323886.734457016 0 0 0
1652323886.8336696625 0 0 0
1652323886.9322061539 0 0 0
1652323887.0311553478 0 0 0
1652323887.1307189465 0 0 0
1652323887.228946209 0 0 0
1652323887.3279733658 0 0 0
1652323887.4271690845 0 0 0
1652323887.5376923084 0 0 0
1652323887.6365995407 0 0 0
1652323887.735506773 0 0 0
1652323887.8341498375 0 0 0
1652323887.9333264828 0 0 0
1652323888.0321762562 0 0 0
1652323888.1312952042 0 0 0
1652323888.2300913334 0 0 0
1652323888.3290910721 0 0 0
1652323888.4280250072 0 0 0
1652323888.5273518562 0 0 0
1652323888.6374003887 0 0 0
1652323888.7366585732 0 0 0
1652323888.8352324963 0 0 0
1652323888.93466115 0 0 0
1652323889.0334239006 0 0 0
1652323889.1321547031 0 0 0
1652323889.2314805984 0 0 0
1652323889.3302233219 0 0 0
1652323889.4295983315 0 0 0
1652323889.5279996395 0 0 0
1652323889.627215147 0 0 0
1652323889.7374880314 0 0 0
1652323889.8363630772 0 0 0
1652323889.9356100559 0 0 0
1652323890.0344407558 0 0 0
1652323890.1333727837 0 0 0
1652323890.2325129509 0 0 0
1652323890.3309249878 0 0 0
1652323890.4302346706 0 0 0
1652323890.529181242 0 0 0
1652323890.6281149387 0 0 0
1652323890.7272260189 0 0 0
1652323890.8370640278 0 0 0
1652323890.9366714954 0 0 0
1652323891.0356049538 0 0 0
1652323891.1343958378 0 0 0
1652323891.2329077721 0 0 0
1652323891.3322503567 0 0 0
1652323891.4313406944 0 0 0
1652323891.5301890373 0 0 0
1652323891.6291778088 0 0 0
1652323891.7281467915 0 0 0
1652323891.8272497654 0 0 0
1652323891.9369471073 0 0 0
1652323892.0365486145 0 0 0
1652323892.1355633736 0 0 0
1652323892.2347261906 0 0 0
1652323892.3333263397 0 0 0
1652323892.432268858 0 0 0
1652323892.5315568447 0 0 0
1652323892.6308634281 0 0 0
1652323892.7292499542 0 0 0
1652323892.8279356956 0 0 0
1652323892.9275388718 0 0 0
1652323893.0372796059 0 0 0
1652323893.1367709637 0 0 0
1652323893.2353568077 0 0 0
1652323893.3339605331 0 0 0
1652323893.4334552288 0 0 0
1652323893.532220602 0 0 0
1652323893.6309154034 0 0 0
1652323893.7305486202 0 0 0
1652323893.8290383816 0 0 0
1652323893.9280924797 0 0 0
1652323894.0270864964 0 0 0
1652323894.1373631954 0 0 0
1652323894.236515522 0 0 0
1652323894.3356301785 0 0 0
1652323894.4345464706 0 0 0
1652323894.5333898067 0 0 0
1652323894.6322715282 0 0 0
1652323894.7309980392 0 0 0
1652323894.8309516907 0 0 0
1652323894.929759264 0 0 0
1652323895.0285527706 0 0 0
1652323895.1272604465 0 0 0
1652323895.2371988297 0 0 0
1652323895.3362281322 0 0 0
1652323895.4351332188 0 0 0
1652323895.5349237919 0 0 0
1652323895.6334609985 0 0 0
1652323895.7321264744 0 0 0
1652323895.8310256004 0 0 0
1652323895.9304568768 0 0 0
1652323896.029042244 0 0 0
1652323896.128029108 0 0 0
1652323896.2276201248 0 0 0
1652323896.3374223709 0 0 0
1652323896.4365236759 0 0 0
1652323896.5354542732 0 0 0
1652323896.6346354485 0 0 0
1652323896.7332878113 0 0 0
1652323896.8321504593 0 0 0
1652323896.9312641621 0 0 0
1652323897.0301218033 0 0 0
1652323897.1290733814 0 0 0
1652323897.2281403542 0 0 0
1652323897.3270971775 0 0 0
1652323897.43754673 0 0 0
1652323897.536539793 0 0 0
1652323897.6354255676 0 0 0
1652323897.7342655659 0 0 0
1652323897.8332300186 0 0 0
1652323897.9322884083 0 0 0
1652323898.0315315723 0 0 0
1652323898.1302061081 0 0 0
1652323898.2290768623 0 0 0
1652323898.3280587196 0 0 0
1652323898.4279372692 0 0 0
1652323898.5375001431 0 0 0
1652323898.6363933086 0 0 0
1652323898.7354342937 0 0 0
1652323898.8345050812 0 0 0
1652323898.9333488941 0 0 0
1652323899.0322749615 0 0 0
1652323899.1311964989 0 0 0
1652323899.2301485538 0 0 0
1652323899.329228878 0 0 0
1652323899.4281153679 0.2999999999999999889 0 0
1652323899.5273036957 0.5999999999999999778 0 0
1652323899.6376583576 0.9000000000000000222 0 0
1652323899.736123085 1 0 0
1652323899.8351368904 1 0 0
1652323899.9345700741 1 0 0
1652323900.0332100391 1 0 0
1652323900.1323542595 1 0 0
1652323900.2313652039 1 0 0
1652323900.330583334 1 0 0
1652323900.4293253422 1 0 0
1652323900.5286624432 1 0 0
1652323900.6280243397 1 0 0
1652323900.7375054359 1 0 0
1652323900.8365240097 1 0 0
1652323900.9360144138 1 0 0
1652323901.0341501236 1 0 0
1652323901.1339299679 1 0 0
1652323901.2331163883 1 0 0
1652323901.3313484192 1 0 0
1652323901.4302129745 0.97999999999999998224 0 0
1652323901.5292663574 0.95999999999999996447 0 0
1652323901.6289250851 1 0 0
1652323901.7278494835 1 0 0
1652323901.8377063274 1 0 0
1652323901.9361765385 1 0 0
1652323902.0356919765 1 0 0
1652323902.1349463463 1 0 0
1652323902.2449657917 0.89500000000000001776 0 0
1652323902.3329622746 0.89500000000000001776 0 0
1652323902.4319248199 0.91500000000000003553 0 0
1652323902.5311822891 0.94500000000000006217 0 0
1652323902.6297600269 0.84499999999999997335 0 0
1652323902.7281639576 0.84499999999999997335 0 0
1652323902.8276953697 0.8499999999999999778 0 0
1652323902.9375078678 0.84499999999999997335 0 0
1652323903.0365130901 0.84499999999999997335 0 0
1652323903.1356394291 0.8499999999999999778 0 0
1652323903.2344050407 0.84499999999999997335 0 0
1652323903.3340101242 0.8499999999999999778 0 0
1652323903.4324140549 0.8499999999999999778 0 0
1652323903.5310800076 0.84499999999999997335 0 0
1652323903.6307058334 0.84499999999999997335 0 0
1652323903.7297513485 0.75500000000000000444 0 0
1652323903.828527689 0.75500000000000000444 0 0
1652323903.9304096699 0.75500000000000000444 0 0
1652323904.0372655392 0.68999999999999994671 0 0
1652323904.1365327835 0.66500000000000003553 0 0
1652323904.2360765934 0.66000000000000003109 0 0
1652323904.3349893093 0.66000000000000003109 0 0
1652323904.4341216087 0.66000000000000003109 0 0
1652323904.5321311951 0.66000000000000003109 0 0
1652323904.6319313049 0.66000000000000003109 0 0
1652323904.7309231758 0.7249999999999999778 0 0
1652323904.8297452927 0.71999999999999997335 0 0
1652323904.9288144112 0.71999999999999997335 0 0
1652323905.0277853012 0.71999999999999997335 0 0
1652323905.1370856762 0.7249999999999999778 0 0
1652323905.2361881733 0.7249999999999999778 0 0
1652323905.335091114 0.75 0 0
1652323905.4341320992 0.79499999999999992895 0 0
1652323905.5330479145 0.79499999999999992895 0 0
1652323905.6330139637 0.79499999999999992895 0 0
1652323905.7310473919 0.79499999999999992895 0 0
1652323905.830842495 0.79499999999999992895 0 0
1652323905.9298989773 0.95999999999999996447 0 0
1652323906.028734684 0.96999999999999997335 0 0
1652323906.1276805401 0.95999999999999996447 0 0
1652323906.2373211384 0.96999999999999997335 0 0
1652323906.3362185955 0.96999999999999997335 0 0
1652323906.4354784489 0.95999999999999996447 0 0
1652323906.5349857807 0.95999999999999996447 0 0
1652323906.633967638 0.95999999999999996447 0 0
1652323906.7330868244 0.95999999999999996447 0 0
1652323906.8319294453 0.95999999999999996447 0 0
1652323906.931024313 0.95999999999999996447 0 0
1652323907.0298802853 0.95999999999999996447 0 0
1652323907.1286642551 0.95999999999999996447 0 0
1652323907.2275648117 0.95999999999999996447 0 0
1652323907.3374574184 0.95999999999999996447 0 0
1652323907.4361975193 0.95999999999999996447 0 0
1652323907.5351641178 0.95999999999999996447 0 0
1652323907.6343076229 0.80000000000000004441 0 0
1652323907.7341365814 0.80000000000000004441 0 0
1652323907.8322277069 0.80000000000000004441 0 0
1652323907.9319639206 0.80000000000000004441 0 0
1652323908.0308094025 0.80000000000000004441 0 0
1652323908.1297297478 0.80000000000000004441 0 0
1652323908.2287204266 0.70999999999999996447 0 0
1652323908.327747345 0.70999999999999996447 0 0
1652323908.4373781681 0.70999999999999996447 0 0
1652323908.5363240242 0.71999999999999997335 0 0
1652323908.6359658241 0.61499999999999999112 0 0
1652323908.734869957 0.5999999999999999778 0 0
1652323908.8332998753 0.5999999999999999778 0 0
1652323908.9329402447 0.5999999999999999778 0 0
1652323909.0342869759 0.5999999999999999778 0 0
1652323909.1308393478 0.5999999999999999778 0 0
1652323909.2291595936 0.5999999999999999778 0 0
1652323909.328805685 0.58499999999999996447 0 0
1652323909.4276914597 0.58499999999999996447 0 0
1652323909.5374157429 0.58499999999999996447 0 0
1652323909.6365699768 0.57000000000000006217 0 0
1652323909.7352619171 0.56999999999999995115 0 0
1652323909.8350293636 0.70499999999999996003 0 0
1652323909.9341340065 0.91500000000000003553 0 0
1652323910.0324156284 0.94500000000000006217 0 0
1652323910.1320803165 0.94500000000000006217 0 0
1652323910.2307560444 0.94500000000000006217 0 0
1652323910.3292315006 0.94500000000000006217 0 0
1652323910.4290904999 0.94500000000000006217 0 0
1652323910.5276792049 0.95500000000000007105 0 0
1652323910.6375863552 0.95500000000000007105 0 0
1652323910.7365839481 1 0 0
1652323910.835367918 1 0 0
1652323910.9352295399 1 0 0
1652323911.034168005 1 0 0
1652323911.1328635216 1 0 0
1652323911.2319438457 1 0 0
1652323911.3308897018 1 0 0
1652323911.4296755791 1 0 0
1652323911.5285573006 1 0 0
1652323911.6277132034 1 0 0
1652323911.7377026081 1 0 0
1652323911.837079525 1 0 0
1652323911.9357206821 1 0 0
1652323912.0343778133 1 0 0
1652323912.1333959103 1 0 0
1652323912.2328674793 1 0 0
1652323912.3319344521 1 0 0
1652323912.4302592278 1 0 0
1652323912.5299725533 1 0 0
1652323912.6283710003 1 0 0
1652323912.7273423672 1 0 0
1652323912.8373987675 1 0 0
1652323912.9368684292 1 0 0
1652323913.0353209972 1 0 0
1652323913.1343288422 1 0 0
1652323913.2340612411 1 0 0
1652323913.3329691887 1 0 0
1652323913.4318757057 1 0 0
1652323913.5303826332 1 0 0
1652323913.629609108 1 0 0
1652323913.7286374569 1 0 0
1652323913.8273670673 1 0 0
1652323913.9382045269 0.99499999999999999556 0 0
1652323914.0366635323 0.91500000000000003553 0 0
1652323914.1360194683 0.90999999999999992006 0 0
1652323914.235188961 0.90999999999999992006 0 0
1652323914.3336849213 0.76500000000000001332 0 0
1652323914.438503027 0.69500000000000006217 0 0
1652323914.5321757793 0.67000000000000003997 0 0
1652323914.6302886009 0.67000000000000003997 0 0
1652323914.729642868 0.67000000000000003997 0 0
1652323914.8286273479 0.67000000000000003997 0 0
1652323914.9281327724 0.67000000000000003997 0 0
1652323915.0377788544 0.67000000000000003997 0 0
1652323915.13671875 0.69500000000000006217 0 0
1652323915.235527277 0.69500000000000006217 0 0
1652323915.3351838589 0.73999999999999999112 0 0
1652323915.4341700077 0.92500000000000004441 0 0
1652323915.5332210064 0.95500000000000007105 0 0
1652323915.6320059299 1 0 0
1652323915.7309970856 1 0 0
1652323915.8297924995 1 0 0
1652323915.9288873672 1 0 0
1652323916.0275506973 1 0 0
1652323916.137352705 1 0 0
1652323916.2363669872 1 0 0
1652323916.3352108002 0.99499999999999999556 0 0
1652323916.4351420403 0.88000000000000000444 0 0
1652323916.5335960388 0.88000000000000000444 0 0
1652323916.6328530312 0.80000000000000004441 0 0
1652323916.7322704792 0.80000000000000004441 0 0
1652323916.8302211761 0.80000000000000004441 0 0
1652323916.9365522861 0.80000000000000004441 0 0
1652323917.0290970802 0.7750000000000000222 0 0
1652323917.1281855106 0.77000000000000001776 0 0
1652323917.2382109165 0.77000000000000001776 0 0
1652323917.3370585442 0.77000000000000001776 0 0
1652323917.4356265068 0.70999999999999996447 0 0
1652323917.5346865654 0.70999999999999996447 0 0
1652323917.6339566708 0.70499999999999996003 0 0
1652323917.732853651 0.70499999999999996003 0 0
1652323917.8318524361 0.70499999999999996003 0 0
1652323917.9304931164 0.70999999999999996447 0 0
1652323918.0301527977 0.75500000000000000444 0 0
1652323918.128806591 0.76500000000000001332 0 0
1652323918.2274048328 0.76500000000000001332 0 0
1652323918.3376965523 0.7750000000000000222 0 0
1652323918.4372959137 1 0 0
1652323918.5358271599 1 0 0
1652323918.6352541447 1 0 0
1652323918.7334051132 1 0 0
1652323918.833173275 1 0 0
1652323918.9319293499 1 0 0
1652323919.0308759212 1 0 0
1652323919.1297914982 1 0 0
1652323919.2286298275 1 0 0
1652323919.3278589249 1 0 0
1652323919.4375600815 1 0 0
1652323919.5372970104 0.92500000000000004441 0 0
1652323919.6354007721 0.91500000000000003553 0 0
1652323919.7344594002 0.80000000000000004441 0 0
1652323919.833272934 0.68999999999999994671 0 0
1652323919.9330666065 0.63000000000000000444 0 0
1652323920.0322465897 0.63500000000000000888 0 0
1652323920.1312556267 0.60499999999999998224 0 0
1652323920.2301905155 0.59499999999999997335 0 0
1652323920.3291325569 0.59499999999999997335 0 0
1652323920.4280908108 0.59499999999999997335 0 0
1652323920.537664175 0.5999999999999999778 0 0
1652323920.6364052296 0.5999999999999999778 0 0
1652323920.7354662418 0.5999999999999999778 0 0
1652323920.8344402313 0.5999999999999999778 0 0
1652323920.933473587 0.5999999999999999778 0 0
1652323921.0324027538 0.5999999999999999778 0 0
1652323921.1316130161 0.5999999999999999778 0 0
1652323921.2310688496 0.5999999999999999778 0 0
1652323921.3301968575 0.5999999999999999778 0 0
1652323921.4290778637 0.5999999999999999778 0 0
1652323921.5282995701 0.74499999999999999556 0 0
1652323921.6377284527 0.98499999999999998668 0 0
1652323921.736566782 1 0 0
1652323921.836160183 1 0 0
1652323921.9350838661 1 0 0
1652323922.0340502262 1 0 0
1652323922.1327774525 1 0 0
1652323922.2321181297 0.88000000000000000444 0 0
1652323922.3308773041 0.81499999999999994671 0 0
1652323922.4296519756 0.81499999999999994671 0 0
1652323922.529201746 0.68999999999999994671 0 0
1652323922.6276321411 0.61499999999999999112 0 0
1652323922.7383728027 0.60999999999999998668 0 0
1652323922.8367295265 0.69500000000000006217 0 0
1652323922.9362955093 0.90500000000000002665 0 0
1652323923.0347900391 0.85999999999999987566 0 0
1652323923.1338636875 0.72999999999999998224 0 0
1652323923.2329242229 0.58999999999999996891 0 0
1652323923.3320147991 0.57000000000000006217 0 0
1652323923.4307062626 0.57000000000000006217 0 0
1652323923.5298910141 0.68999999999999994671 0 0
1652323923.6288225651 0.79499999999999992895 0 0
1652323923.7275605202 0.86499999999999999112 0 0
1652323923.837523222 0.875 0 0
1652323923.9371652603 0.67999999999999993783 0 0
1652323924.0360224247 0.57000000000000006217 0 0
1652323924.1353328228 0.59499999999999997335 0 0
1652323924.2343959808 0.66000000000000003109 0 0
1652323924.3331215382 0.39499999999999996225 0 0
1652323924.4320783615 0.089999999999999982792 0 0
1652323924.5308885574 0 0 0
1652323924.629679203 0 0 0
1652323924.7287642956 0 0 0
1652323924.8274188042 0 0 0
1652323924.9376580715 0 0 0
1652323925.0365948677 0 0 0
1652323925.1356248856 0 0 0
1652323925.2352266312 0 0 0
1652323925.3340260983 0 0 0
1652323925.4333548546 0 0 0
1652323925.5320141315 0 0 0
1652323925.6308019161 0 0 0
1652323925.7303617001 0 0 0
1652323925.8286700249 0 0 0
1652323925.9282150269 0 0 0
1652323926.0383434296 0 0 0
1652323926.1371922493 0 0 0
1652323926.2364180088 0 0 0
1652323926.3350710869 0 0 0
1652323926.4336605072 0 0 0
1652323926.5330650806 0 0 0
1652323926.6320545673 0 0 0
1652323926.7308306694 0 0 0
1652323926.8303275108 0 0 0
1652323926.9290831089 0 0 0
1652323927.0276403427 0 0 0
1652323927.1377589703 0 0 0
1652323927.2371263504 0 0 0
1652323927.3361477852 0 0 0
1652323927.435138464 0 0 0
1652323927.5339026451 0 0 0
1652323927.6324460506 0 0 0
1652323927.7314136028 0 0 0
1652323927.8312392235 0 0 0
1652323927.9298465252 0 0 0
1652323928.0292971134 0 0 0
1652323928.1276452541 0 0 0
1652323928.2382187843 0 0 0
1652323928.3365492821 0 0 0
1652323928.4361269474 0 0 0
1652323928.5353002548 0 0 0
1652323928.6333789825 0 0 0
1652323928.7330260277 0 0 0
1652323928.8319299221 0 0 0
1652323928.9305279255 0 0 0
1652323929.0297527313 0 0 0
1652323929.1287076473 0 0 0
1652323929.2277450562 0 0 0
1652323929.33761549 0 0 0
1652323929.4367303848 0 0 0
1652323929.5355246067 0 0 0
1652323929.6347718239 0 0 0
1652323929.7343964577 0 0 0
1652323929.8333165646 0 0 0
1652323929.9316396713 0 0 0
1652323930.0309412479 0 0 0
1652323930.1294546127 0 0 0
1652323930.2290821075 0 0 0
1652323930.3275778294 0 0 0
1652323930.4374928474 0 0 0
1652323930.5373220444 0 0 0
1652323930.6356873512 0 0 0
1652323930.7344317436 0 0 0
1652323930.8336567879 0 0 0
1652323930.9324586391 0 0 0
1652323931.0323965549 0 0 0
1652323931.1309316158 0 0 0
1652323931.23026371 0 0 0
1652323931.3294458389 0 0 0
1652323931.4282419682 0 0 0
1652323931.5383694172 0 0 0
1652323931.6367726326 0 0 0
1652323931.7356774807 0 0 0
1652323931.8345119953 0 0 0
1652323931.9337682724 0 0 0
1652323932.0327985287 0 0 0
1652323932.1324365139 0 0 0
