1660595598.4183652401 0 0 0
1660595598.484241724 0 0 0
1660595598.5499587059 0 0 0
1660595598.6156964302 0 0 0
1660595598.6930100918 0 0 0
1660595598.7587282658 0 0 0
1660595598.8359661102 0 0 0
1660595598.9133336544 0 0 0
1660595598.9791469574 0 0 0
1660595599.0449581146 0 0 0
1660595599.1109275818 0 0 0
1660595599.1882734299 0 0 0
1660595599.2540049553 0 0 0
1660595599.3310325146 0 0 0
1660595599.4083549976 0 0 0
1660595599.4739456177 0 0 0
1660595599.5514290333 0 0 0
1660595599.6172492504 0 0 0
1660595599.6829171181 0 0 0
1660595599.7486977577 0 0 0
1660595599.8262803555 0 0 0
1660595599.8916480541 0 0 0
1660595599.9687776566 0 0 0
1660595600.0460197926 0 0 0
1660595600.1232402325 0 0 0
1660595600.1891973019 0 0 0
1660595600.2550349236 0 0 0
1660595600.3322396278 0 0 0
1660595600.3978979588 0 0 0
1660595600.4751367569 0 0 0
1660595600.5411198139 0 0 0
1660595600.6069281101 0 0 0
1660595600.6842420101 0 0 0
1660595600.7498762608 0 0 0
1660595600.8270425797 0 0 0
1660595600.9042117596 0 0 0
1660595600.9701039791 0 0 0
1660595601.0362865925 0 0 0
1660595601.1017448902 0 0 0
1660595601.1791434288 0 0 0
1660595601.2450304031 0 0 0
1660595601.3222613335 0 0 0
1660595601.3880422115 0 0 0
1660595601.4648172855 0 0 0
1660595601.5421609879 0 0 0
1660595601.6081814766 0 0 0
1660595601.6740822792 0 0 0
1660595601.7396659851 0 0 0
1660595601.8169434071 0 0 0
1660595601.8943421841 0 0 0
1660595601.9600932598 0 0 0
1660595602.0256335735 0 0 0
1660595602.103164196 0 0 0
1660595602.169044733 0 0 0
1660595602.2462098598 0 0 0
1660595602.3234164715 0 0 0
1660595602.3890023232 0 0 0
1660595602.4664261341 0 0 0
1660595602.5322737694 0 0 0
1660595602.5980448723 0 0 0
1660595602.6637179852 0 0 0
1660595602.7412426472 0 0 0
1660595602.8070924282 0 0 0
1660595602.8843958378 0 0 0
1660595602.9498295784 0 0 0
1660595603.0270917416 0 0 0
1660595603.10440588 0 0 0
1660595603.1703009605 0 0 0
1660595603.2361600399 0 0 0
1660595603.3131513596 0 0 0
1660595603.3788404465 0 0 0
1660595603.456207037 0 0 0
1660595603.5220477581 0 0 0
1660595603.5879552364 0 0 0
1660595603.665242672 0 0 0
1660595603.7308974266 0 0 0
1660595603.80828619 0 0 0
1660595603.8739817142 0 0 0
1660595603.9513919353 0 0 0
1660595604.0169644356 0 0 0
1660595604.0943660736 0 0 0
1660595604.1600944996 0 0 0
1660595604.2257783413 0 0 0
1660595604.3032920361 0 0 0
1660595604.3688895702 0 0 0
1660595604.4465875626 0 0 0
1660595604.5231239796 0 0 0
1660595604.6003510952 0 0 0
1660595604.6661851406 0 0 0
1660595604.7322378159 0 0 0
1660595604.7981133461 0 0 0
1660595604.8752779961 0 0 0
1660595604.9409856796 0 0 0
1660595605.0183656216 0 0 0
1660595605.0840268135 0 0 0
1660595605.1616268158 0 0 0
1660595605.2268500328 0 0 0
1660595605.3043093681 0 0 0
1660595605.3699424267 0 0 0
1660595605.447371006 0 0 0
1660595605.5130372047 0 0 0
1660595605.590698719 0 0 0
1660595605.6671292782 0 0 0
1660595605.7330443859 0 0 0
1660595605.8104014397 0 0 0
1660595605.8761434555 0 0 0
1660595605.94201231 0 0 0
1660595606.0187125206 0 0 0
1660595606.0963909626 0 0 0
1660595606.1620903015 0 0 0
1660595606.2393610477 0 0 0
1660595606.3053562641 0 0 0
1660595606.3710603714 0 0 0
1660595606.4484429359 0 0 0
1660595606.5140326023 0 0 0
1660595606.5917010307 0 0 0
1660595606.6681582928 0 0 0
1660595606.7453896999 0 0 0
1660595606.8112297058 0 0 0
1660595606.8772065639 0 0 0
1660595606.9427964687 0 0 0
1660595607.0201869011 0 0 0
1660595607.0860695839 0 0 0
1660595607.1632781029 0 0 0
1660595607.2294893265 0 0 0
1660595607.2952945232 0 0 0
1660595607.3611316681 0 0 0
1660595607.4271407127 0 0 0
1660595607.5046303272 0 0 0
1660595607.5807905197 0 0 0
1660595607.6582324505 0 0 0
1660595607.7243344784 0 0 0
1660595607.7904222012 0 0 0
1660595607.8563365936 0 0 0
1660595607.9220936298 0 0 0
1660595607.9994604588 0 0 0
1660595608.076123476 0 0 0
1660595608.1419568062 0 0 0
1660595608.2194709778 0 0 0
1660595608.2851815224 0 0 0
1660595608.3509232998 0 0 0
1660595608.428347826 0 0 0
1660595608.4941408634 0 0 0
1660595608.5715487003 0 0 0
1660595608.637368679 0 0 0
1660595608.7030923367 0 0 0
1660595608.7802767754 0 0 0
1660595608.8458659649 0 0 0
1660595608.9230959415 0 0 0
1660595609.0003035069 0 0 0
1660595609.0660462379 0 0 0
1660595609.1320860386 0 0 0
1660595609.1979088783 0 0 0
1660595609.2753534317 0 0 0
1660595609.3411896229 0 0 0
1660595609.4068357944 0 0 0
1660595609.4843275547 0 0 0
1660595609.549913168 0 0 0
1660595609.6159706116 0 0 0
1660595609.6929938793 0 0 0
1660595609.7704610825 0 0 0
1660595609.8360607624 0 0 0
1660595609.9136679173 0 0 0
1660595609.9796042442 0 0 0
1660595610.0454795361 0 0 0
1660595610.1111125946 0 0 0
1660595610.1883611679 0 0 0
1660595610.2540121078 0 0 0
1660595610.3310334682 0 0 0
1660595610.4083321095 0 0 0
1660595610.4741272926 0 0 0
1660595610.5514771938 0 0 0
1660595610.6171166897 0 0 0
1660595610.6944811344 0 0 0
1660595610.7602877617 0 0 0
1660595610.8260102272 0 0 0
1660595610.9033675194 0 0 0
1660595610.9690902233 0 0 0
1660595611.0350432396 0 0 0
1660595611.1123325825 0 0 0
1660595611.1787078381 0 0 0
1660595611.2445559502 0 0 0
1660595611.3103699684 0 0 0
1660595611.3759243488 0 0 0
1660595611.4533011913 0 0 0
1660595611.5194685459 0 0 0
1660595611.5850450993 0 0 0
1660595611.6626739502 0 0 0
1660595611.738966465 0 0 0
1660595611.8163945675 0 0 0
1660595611.8931202888 0 0 0
1660595611.9704113007 0 0 0
1660595612.0360155106 0 0 0
1660595612.1136467457 0.19000000000000000222 0 0
1660595612.1792042255 0.4000000000000000222 0 0
1660595612.2562658787 0.4000000000000000222 0 0
1660595612.3220238686 0.4000000000000000222 0 0
1660595612.399261713 0.4000000000000000222 0 0
1660595612.4655427933 0.4000000000000000222 0 0
1660595612.5314896107 0.4000000000000000222 0 0
1660595612.5971045494 0.4000000000000000222 0 0
1660595612.6740705967 0.4000000000000000222 0 0
1660595612.751429081 0.4000000000000000222 0 0
1660595612.8279514313 0.4000000000000000222 0 0
1660595612.9054322243 0.4000000000000000222 0 0
1660595612.9715042114 0.4000000000000000222 0 0
1660595613.0372059345 0.4000000000000000222 0 0
1660595613.1028916836 0.4000000000000000222 0 0
1660595613.1804139614 0.4000000000000000222 0 0
1660595613.246420145 0.4000000000000000222 0 0
1660595613.3121886253 0.4000000000000000222 0 0
1660595613.3895101547 0.4000000000000000222 0 0
1660595613.4551646709 0.4000000000000000222 0 0
1660595613.5324172974 0.4000000000000000222 0 0
1660595613.5980682373 0.4000000000000000222 0 0
1660595613.6752901077 0.4000000000000000222 0 0
1660595613.7409360409 0.4000000000000000222 0 0
1660595613.8185203075 0.4000000000000000222 0 0
1660595613.8843028545 0.4000000000000000222 0 0
1660595613.9507288933 0.4000000000000000222 0 0
1660595614.0271360874 0.4000000000000000222 0 0
1660595614.0928936005 0.4000000000000000222 0 0
1660595614.1703071594 0.4000000000000000222 0 0
1660595614.2361614704 0.4000000000000000222 0 0
1660595614.3133480549 0.4000000000000000222 0 0
1660595614.3791937828 0.4000000000000000222 0 0
1660595614.456568718 0.4000000000000000222 0 0
1660595614.5220243931 0.4000000000000000222 0 0
1660595614.599404335 0.4000000000000000222 0 0
1660595614.6766049862 0.4000000000000000222 0 0
1660595614.7420883179 0.4000000000000000222 0 0
1660595614.8195056915 0.4000000000000000222 0 0
1660595614.8960587978 0.4000000000000000222 0 0
1660595614.973600626 0.4000000000000000222 0 0
1660595615.0392842293 0.4000000000000000222 0 0
1660595615.1049339771 0.4000000000000000222 0 0
1660595615.1822297573 0.4000000000000000222 0 0
1660595615.2480945587 0.4000000000000000222 0 0
1660595615.3255834579 0.4000000000000000222 0 0
1660595615.3914132118 0.4000000000000000222 0 0
1660595615.4569284916 0.4000000000000000222 0 0
1660595615.5343277454 0.4000000000000000222 0 0
1660595615.6113686562 0.4000000000000000222 0 0
1660595615.6770906448 0.4000000000000000222 0 0
1660595615.7427990437 0.4000000000000000222 0 0
1660595615.8200247288 0.4000000000000000222 0 0
1660595615.8971495628 0.4000000000000000222 0 0
1660595615.9746284485 0.4000000000000000222 0 0
1660595616.0405085087 0.4000000000000000222 0 0
1660595616.1064851284 0.4000000000000000222 0 0
1660595616.1721329689 0.4000000000000000222 0 0
1660595616.2494864464 0.4000000000000000222 0 0
1660595616.315839529 0.4000000000000000222 0 0
1660595616.3813376427 0.4000000000000000222 0 0
1660595616.447021246 0.4000000000000000222 0 0
1660595616.5245137215 0.4000000000000000222 0 0
1660595616.5900123119 0.4000000000000000222 0 0
1660595616.6681237221 0.4000000000000000222 0 0
1660595616.7441954613 0.4000000000000000222 0 0
1660595616.8216643333 0.4000000000000000222 0 0
1660595616.8877520561 0.4000000000000000222 0 0
1660595616.9640598297 0.4000000000000000222 0 0
1660595617.0416326523 0.4000000000000000222 0 0
1660595617.1180734634 0.4000000000000000222 0 0
1660595617.1952409744 0.4000000000000000222 0 0
1660595617.2720546722 0.4000000000000000222 0 0
1660595617.3493392467 0.4000000000000000222 0 0
1660595617.414932251 0.4000000000000000222 0 0
1660595617.4920942783 0.4000000000000000222 0 0
1660595617.5693264008 0.4000000000000000222 0 0
1660595617.6465466022 0.4000000000000000222 0 0
1660595617.7122826576 0.4000000000000000222 0 0
1660595617.7894835472 0.4000000000000000222 0 0
1660595617.8553197384 0.4000000000000000222 0 0
1660595617.9326381683 0.39500000000000001776 0 0
1660595617.9984529018 0.39500000000000001776 0 0
1660595618.0652115345 0.39500000000000001776 0 0
1660595618.1414217949 0.39500000000000001776 0 0
1660595618.2075870037 0.39500000000000001776 0 0
1660595618.2730584145 0.39500000000000001776 0 0
1660595618.3501868248 0.38999999999999995781 0 0
1660595618.4274742603 0.38999999999999995781 0 0
1660595618.4937796593 0.39500000000000001776 0 0
1660595618.5702769756 0.39500000000000007327 0 0
1660595618.6474599838 0.39500000000000001776 0 0
1660595618.7247264385 0.39500000000000001776 0 0
1660595618.7904825211 0.39500000000000001776 0 0
1660595618.8561079502 0.39500000000000001776 0 0
1660595618.9333684444 0.39500000000000001776 0 0
1660595619.0104475021 0.39500000000000001776 0 0
1660595619.07609272 0.39500000000000001776 0 0
1660595619.1533865929 0.39500000000000001776 0 0
1660595619.2191989422 0.39500000000000001776 0 0
1660595619.2963411808 0.39500000000000001776 0 0
1660595619.3735599518 0.39500000000000001776 0 0
1660595619.4393076897 0.39500000000000001776 0 0
1660595619.5052065849 0.39500000000000001776 0 0
1660595619.5825808048 0.39500000000000001776 0 0
1660595619.648670435 0.39500000000000001776 0 0
1660595619.7144024372 0.39500000000000001776 0 0
1660595619.7800827026 0.39500000000000001776 0 0
1660595619.8570055962 0.39500000000000001776 0 0
1660595619.9345400333 0.17000000000000001221 0 0
1660595620.0000350475 0 0 0
1660595620.0771939754 0 0 0
1660595620.1544642448 0 0 0
1660595620.231631279 0 0 0
1660595620.2974731922 0 0 0
1660595620.3632173538 0 0 0
1660595620.4408276081 0 0 0
1660595620.5171887875 0 0 0
1660595620.5946218967 0 0 0
1660595620.6602363586 0 0 0
1660595620.7374813557 0 0 0
1660595620.8030011654 0 0 0
1660595620.8801882267 -0.034999999999999989453 0 0
1660595620.9573140144 -0.06500000000000000222 0 0
1660595621.034744978 -0.020000000000000017764 0 0
1660595621.1002409458 -0.050000000000000002776 0 0
1660595621.1774885654 -0.039999999999999993894 0 0
1660595621.2431266308 -0.024999999999999994449 0 0
1660595621.3201539516 -0.02999999999999999889 0 0
1660595621.3974575996 -0.074999999999999997224 0 0
1660595621.4632942677 -0.17999999999999999334 0 0
1660595621.5407094955 -0.26500000000000001332 0 0
1660595621.6063847542 -0.36999999999999999556 0 0
1660595621.6837136745 -0.4000000000000000222 0 0
1660595621.7492830753 -0.4000000000000000222 0 0
1660595621.8266766071 -0.4000000000000000222 0 0
1660595621.892380476 -0.4000000000000000222 0 0
1660595621.9580171108 -0.4000000000000000222 0 0
1660595622.0352916718 -0.39000000000000001332 0 0
1660595622.1124708652 -0.30999999999999999778 0 0
1660595622.1895320415 -0.28000000000000002665 0 0
1660595622.2553579807 -0.27000000000000001776 0 0
1660595622.3210511208 -0.28000000000000002665 0 0
1660595622.3984735012 -0.28000000000000002665 0 0
1660595622.4645273685 -0.28000000000000002665 0 0
1660595622.5302562714 -0.28000000000000002665 0 0
1660595622.6073710918 -0.28000000000000002665 0 0
1660595622.6739320755 -0.30999999999999999778 0 0
1660595622.7500295639 -0.30999999999999999778 0 0
1660595622.8272042274 -0.30999999999999999778 0 0
1660595622.9044148922 -0.28000000000000002665 0 0
1660595622.9815366268 -0.29000000000000003553 0 0
1660595623.0471634865 -0.30499999999999999334 0 0
1660595623.1244761944 -0.31500000000000000222 0 0
1660595623.1900601387 -0.2750000000000000222 0 0
1660595623.2676944733 -0.27000000000000001776 0 0
1660595623.3336844444 -0.25500000000000000444 0 0
1660595623.399418354 -0.20999999999999999223 0 0
1660595623.4651629925 -0.2000000000000000111 0 0
1660595623.5423862934 -0.19999999999999998335 0 0
1660595623.6079571247 -0.20999999999999999223 0 0
1660595623.6857628822 -0.22999999999999998224 0 0
1660595623.762960434 -0.28000000000000002665 0 0
1660595623.8392710686 -0.30999999999999999778 0 0
1660595623.9166245461 -0.2999999999999999889 0 0
1660595623.982227087 -0.32000000000000000666 0 0
1660595624.0597479343 -0.2999999999999999889 0 0
1660595624.1256804466 -0.28000000000000002665 0 0
1660595624.1915996075 -0.28000000000000002665 0 0
1660595624.2576155663 -0.28000000000000002665 0 0
1660595624.323056221 -0.2750000000000000222 0 0
1660595624.4004263878 -0.28000000000000002665 0 0
1660595624.4661226273 -0.28000000000000002665 0 0
1660595624.5432887077 -0.28000000000000002665 0 0
1660595624.6204462051 -0.28000000000000002665 0 0
1660595624.6861147881 -0.28000000000000002665 0 0
1660595624.7635157108 -0.28000000000000002665 0 0
1660595624.8293762207 -0.28000000000000002665 0 0
1660595624.895128727 -0.28000000000000002665 0 0
1660595624.9724302292 -0.28000000000000002665 0 0
1660595625.0495414734 -0.27000000000000001776 0 0
1660595625.1152293682 -0.25 0 0
1660595625.1926169395 -0.25 0 0
1660595625.2587826252 -0.25 0 0
1660595625.3245563507 -0.26000000000000000888 0 0
1660595625.3900830746 -0.27000000000000001776 0 0
1660595625.4673063755 -0.27000000000000001776 0 0
1660595625.5447947979 -0.26000000000000000888 0 0
1660595625.6100873947 -0.27000000000000001776 0 0
1660595625.6874921322 -0.25 0 0
1660595625.7533028126 -0.23999999999999999112 0 0
1660595625.8305411339 -0.23499999999999998668 0 0
1660595625.896187067 -0.23999999999999999112 0 0
1660595625.9734854698 -0.23999999999999999112 0 0
1660595626.0393345356 -0.27000000000000001776 0 0
1660595626.1164958477 -0.28000000000000002665 0 0
1660595626.1824350357 -0.28000000000000002665 0 0
1660595626.248073101 -0.28000000000000002665 0 0
1660595626.325109005 -0.28000000000000002665 0 0
1660595626.4026563168 -0.28000000000000002665 0 0
1660595626.4682929516 -0.25 0 0
1660595626.5341897011 -0.25 0 0
1660595626.6115756035 -0.25 0 0
1660595626.6774036884 -0.25 0 0
1660595626.7431027889 -0.25 0 0
1660595626.8204538822 -0.27000000000000001776 0 0
1660595626.897768259 -0.23000000000000000999 0 0
1660595626.9636151791 -0.27000000000000001776 0 0
1660595627.0292260647 -0.070000000000000006661 0 0
1660595627.106505394 0 0 0
1660595627.1723995209 0 0 0
1660595627.2496826649 0 0 0
1660595627.3151388168 0 0 0
1660595627.3924865723 0 0 0
1660595627.4582326412 0 0 0
1660595627.535541296 0 0 0
1660595627.6011221409 0 0 0
1660595627.6784348488 0 0 0
1660595627.7440302372 0 0 0
1660595627.8213849068 0 0 0
1660595627.8872442245 0 0 0
1660595627.9530119896 0 0 0
1660595628.0302021503 0 0 0
1660595628.107811451 0 0 0
1660595628.1734817028 0 0 0
1660595628.2390758991 0 0 0
1660595628.3166902065 0 0 0
1660595628.3820514679 0 0 0
1660595628.4486157894 0 0 0
1660595628.5142035484 0 0 0
1660595628.5914855003 0 0 0
1660595628.6573154926 0 0 0
1660595628.7346322536 0 0 0
1660595628.8002178669 0 0 0
1660595628.8776609898 0 0 0
1660595628.9432373047 0 0 0
1660595629.0205636024 0 0 0
1660595629.0861225128 0 0 0
1660595629.1637852192 0 0 0
1660595629.229429245 0 0 0
1660595629.3066518307 0 0 0
1660595629.3723838329 0 0 0
1660595629.4490594864 0 0 0
1660595629.5262155533 0 0 0
1660595629.6036162376 0 0 0
1660595629.6692216396 0 0 0
1660595629.7462418079 0 0 0
1660595629.8236556053 0 0 0
1660595629.8893842697 0 0 0
1660595629.9550967216 0 0 0
1660595630.0322577953 0 0 0
1660595630.1094322205 0 0 0
1660595630.1751847267 0 0 0
1660595630.2524359226 0 0 0
1660595630.3182520866 0 0 0
1660595630.3955779076 0 0 0
1660595630.4614424706 0 0 0
1660595630.5271160603 0 0 0
1660595630.6045572758 0 0 0
1660595630.6700525284 0 0 0
1660595630.7475464344 0 0 0
1660595630.8133997917 0 0 0
1660595630.8792791367 0 0 0
1660595630.9566998482 0 0 0
1660595631.0222008228 0 0 0
1660595631.0997080803 0 0 0
1660595631.1654045582 0 0 0
1660595631.2313432693 0 0 0
1660595631.2971024513 0 0 0
1660595631.374145031 0 0 0
1660595631.4518334866 0 0 0
1660595631.5173027515 0 0 0
1660595631.5946037769 0 0 0
1660595631.6602017879 0 0 0
1660595631.7376422882 0 0 0
1660595631.8033645153 0 0 0
1660595631.8807680607 0 0 0
1660595631.9466445446 0 0 0
1660595632.0122847557 0 0 0
1660595632.0896363258 0 0 0
1660595632.1554877758 0 0 0
1660595632.2214772701 0 0 0
1660595632.2875721455 0 0 0
1660595632.3533318043 0 0 0
1660595632.4307131767 0 0 0
1660595632.4966995716 0 0 0
1660595632.5625362396 0 0 0
1660595632.6282923222 0 0 0
1660595632.7055721283 0 0 0
1660595632.7714710236 0 0 0
1660595632.8486354351 0 0 0
1660595632.9150249958 0 0 0
1660595632.9807476997 0 0 0
1660595633.0462133884 0 0 0
1660595633.1235458851 0 0 0
1660595633.1894288063 0 0 0
1660595633.2667682171 0 0 0
1660595633.3327937126 0 0 0
1660595633.3983204365 0 0 0
1660595633.4756703377 0 0 0
1660595633.5413153172 0 0 0
1660595633.6187741756 0 0 0
1660595633.6845827103 0 0 0
1660595633.7503669262 0 0 0
1660595633.8277289867 0 0 0
1660595633.8930990696 0 0 0
1660595633.9704368114 0 0 0
1660595634.0477464199 0 0 0
1660595634.1134264469 0 0 0
1660595634.1906952858 0 0 0
1660595634.2564513683 0 0 0
1660595634.3336215019 0 0 0
1660595634.3995807171 0 0 0
1660595634.4653773308 0 0 0
1660595634.5427718163 0 0 0
1660595634.6083176136 0 0 0
1660595634.6858375072 0 0 0
1660595634.7513415813 0 0 0
1660595634.8289883137 0 0 0
1660595634.8946490288 0 0 0
1660595634.9603126049 0 0 0
1660595635.037788868 0 0 0
1660595635.1033139229 0 0 0
1660595635.1808640957 0 0 0
1660595635.2464210987 0 0 0
1660595635.323820591 0 0 0
1660595635.3895635605 0 0 0
1660595635.4560129642 0 0 0
1660595635.521617651 0 0 0
1660595635.5874409676 0 0 0
1660595635.6532640457 0 0 0
1660595635.7304518223 0 0 0
1660595635.796261549 0 0 0
1660595635.8735842705 0 0 0
1660595635.9393377304 0 0 0
1660595636.0165646076 0 0 0
1660595636.0826013088 0 0 0
1660595636.1596045494 0 0 0
1660595636.2253141403 0 0 0
1660595636.2914681435 0 0 0
1660595636.3685133457 0 0 0
1660595636.4341061115 0 0 0
1660595636.511578083 0 0 0
1660595636.5772929192 0 0 0
1660595636.6550881863 0 0 0
1660595636.7313702106 0 0 0
