1661718300.0214271545 0 0 0
1661718300.09866786 0 0 0
1661718300.1757028103 0 0 0
1661718300.2414278984 0 0 0
1661718300.3186645508 0 0 0
1661718300.3844740391 0 0 0
1661718300.4617640972 0 0 0
1661718300.5272314548 0 0 0
1661718300.604388237 0 0 0
1661718300.6817524433 0 0 0
1661718300.7476968765 0 0 0
1661718300.8138074875 0 0 0
1661718300.8792893887 0 0 0
1661718300.9566481113 0 0 0
1661718301.0223288536 0 0 0
1661718301.0996775627 0 0 0
1661718301.1661007404 0 0 0
1661718301.2319471836 0 0 0
1661718301.2975153923 0 0 0
1661718301.3742141724 0 0 0
1661718301.4519767761 0 0 0
1661718301.529143095 0 0 0
1661718301.5947635174 0 0 0
1661718301.6604990959 0 0 0
1661718301.7381668091 0 0 0
1661718301.8038449287 0 0 0
1661718301.8697137833 0 0 0
1661718301.9354012012 0 0 0
1661718302.0128250122 0 0 0
1661718302.078561306 0 0 0
1661718302.1555228233 0 0 0
1661718302.2329587936 0 0 0
1661718302.2985255718 0 0 0
1661718302.3754000664 0 0 0
1661718302.452409029 0 0 0
1661718302.5300357342 0 0 0
1661718302.5955815315 0 0 0
1661718302.6729650497 0 0 0
1661718302.738307476 0 0 0
1661718302.8155653477 0 0 0
1661718302.8927025795 0 0 0
1661718302.9585990906 0 0 0
1661718303.0243296623 0 0 0
1661718303.1015617847 0 0 0
1661718303.1788637638 0 0 0
1661718303.2444396019 0 0 0
1661718303.3221635818 0 0 0
1661718303.3880751133 0 0 0
1661718303.453993082 0 0 0
1661718303.5198814869 0 0 0
1661718303.5852847099 0 0 0
1661718303.6624996662 0 0 0
1661718303.7393856049 0 0 0
1661718303.8167145252 0 0 0
1661718303.8825099468 0 0 0
1661718303.9488694668 0 0 0
1661718304.0144641399 0 0 0
1661718304.0916335583 0 0 0
1661718304.157333374 0 0 0
1661718304.2346045971 0 0 0
1661718304.311766386 0 0 0
1661718304.3774476051 0 0 0
1661718304.4545588493 0 0 0
1661718304.532227993 0 0 0
1661718304.6086375713 0 0 0
1661718304.6743395329 0 0 0
1661718304.7516000271 0 0 0
1661718304.8180370331 0 0 0
1661718304.8835606575 0 0 0
1661718304.9610390663 0 0 0
1661718305.0268528461 0.23000000000000000999 0 0
1661718305.0928175449 0.41999999999999998446 0 0
1661718305.158670187 0.61999999999999999556 0 0
1661718305.224313736 0.81999999999999995115 0 0
1661718305.3017272949 1 0 0
1661718305.3788590431 1 0 0
1661718305.4448823929 1 0 0
1661718305.5105731487 1 0 0
1661718305.5874147415 0.99499999999999999556 0 0
1661718305.6647992134 0.98499999999999998668 0 0
1661718305.7302992344 1 0 0
1661718305.8074424267 1 0 0
1661718305.8844056129 0.92500000000000004441 0 0
1661718305.9618971348 0.93999999999999994671 0 0
1661718306.027528286 0.95500000000000007105 0 0
1661718306.1049456596 0.94500000000000006217 0 0
1661718306.1706514359 0.92999999999999993783 0 0
1661718306.2482612133 0.94500000000000006217 0 0
1661718306.3139965534 0.95999999999999996447 0 0
1661718306.3911061287 0.95999999999999996447 0 0
1661718306.4674751759 0.95999999999999996447 0 0
1661718306.5442938805 0.95999999999999996447 0 0
1661718306.6216063499 0.96999999999999997335 0 0
1661718306.69876194 0.95999999999999996447 0 0
1661718306.7642865181 0.95999999999999996447 0 0
1661718306.841483593 0.95999999999999996447 0 0
1661718306.9189741611 0.95999999999999996447 0 0
1661718306.9845173359 0.95999999999999996447 0 0
1661718307.0510032177 0.95999999999999996447 0 0
1661718307.1167571545 0.95999999999999996447 0 0
1661718307.1825485229 0.95999999999999996447 0 0
1661718307.2596669197 0.95999999999999996447 0 0
1661718307.3371965885 0.95999999999999996447 0 0
1661718307.413734436 0.95999999999999996447 0 0
1661718307.4794738293 0.99499999999999999556 0 0
1661718307.5460834503 1 0 0
1661718307.6116425991 1 0 0
1661718307.6883127689 1 0 0
1661718307.7656095028 1 0 0
1661718307.8427629471 1 0 0
1661718307.9085123539 1 0 0
1661718307.9856483936 1 0 0
1661718308.0627720356 0.92999999999999993783 0 0
1661718308.1291656494 0.95500000000000007105 0 0
1661718308.1946938038 0.91500000000000003553 0 0
1661718308.2718122005 0.85499999999999998224 0 0
1661718308.3373377323 0.70499999999999996003 0 0
1661718308.4143660069 0.66000000000000003109 0 0
1661718308.4915776253 0.61999999999999999556 0 0
1661718308.5687189102 0.61499999999999999112 0 0
1661718308.6461763382 0.59499999999999997335 0 0
1661718308.7116532326 0.57499999999999995559 0 0
1661718308.7890958786 0.4500000000000000111 0 0
1661718308.8547744751 0.26000000000000000888 0 0
1661718308.9320733547 0.064999999999999974465 0 0
1661718308.9977781773 -0.15499999999999999889 0 0
1661718309.0632975101 -0.35999999999999998668 0 0
1661718309.1403551102 -0.55000000000000004441 0 0
1661718309.2175824642 -0.78500000000000003109 0 0
1661718309.2947092056 -1 0 0
1661718309.3609428406 -1 0 0
1661718309.4264993668 -1 0 0
1661718309.5034472942 -1 0 0
1661718309.5806672573 -1 0 0
1661718309.6572988033 -1 0 0
1661718309.7239000797 -0.80000000000000004441 0 0
1661718309.7895936966 -0.85499999999999998224 0 0
1661718309.8668513298 -0.74499999999999999556 0 0
1661718309.9328272343 -0.80000000000000004441 0 0
1661718309.9984834194 -0.8499999999999999778 0 0
1661718310.075773716 -0.81000000000000005329 0 0
1661718310.1416199207 -0.81000000000000005329 0 0
1661718310.2189788818 -0.81000000000000005329 0 0
1661718310.2848591805 -0.81000000000000005329 0 0
1661718310.350808382 -0.81000000000000005329 0 0
1661718310.4166133404 -0.75 0 0
1661718310.4934694767 -0.74499999999999999556 0 0
1661718310.5705676079 -0.91500000000000003553 0 0
1661718310.6478683949 -0.85499999999999998224 0 0
1661718310.7133989334 -0.70999999999999996447 0 0
1661718310.7905402184 -0.61499999999999999112 0 0
1661718310.867839098 -0.57000000000000006217 0 0
1661718310.9337418079 -0.57000000000000006217 0 0
1661718311.0107069016 -0.57000000000000006217 0 0
1661718311.0879368782 -0.57000000000000006217 0 0
1661718311.1535029411 -0.56499999999999994671 0 0
1661718311.2309377193 -0.64000000000000001332 0 0
1661718311.2971200943 -0.70999999999999996447 0 0
1661718311.3626470566 -0.90500000000000002665 0 0
1661718311.4396710396 -1 0 0
1661718311.5168609619 -0.79499999999999992895 0 0
1661718311.5943889618 -0.66500000000000003553 0 0
1661718311.6707293987 -0.59499999999999997335 0 0
1661718311.739178896 -0.59499999999999997335 0 0
1661718311.8246431351 -0.63500000000000000888 0 0
1661718311.9019582272 -0.53499999999999992006 0 0
1661718311.9676074982 -0.2999999999999999889 0 0
1661718312.0451729298 -0.10000000000000000555 0 0
1661718312.110360384 0 0 0
1661718312.1875281334 0 0 0
1661718312.2647054195 0 0 0
1661718312.342079401 0 0 0
1661718312.4074923992 0 0 0
1661718312.4846999645 0 0 0
1661718312.561958313 0 0 0
1661718312.6279091835 0 0 0
1661718312.6936275959 0 0 0
1661718312.7708559036 0 0 0
1661718312.8366043568 0 0 0
1661718312.9137196541 0 0 0
1661718312.991307497 0 0 0
1661718313.0568971634 0 0 0
1661718313.1225719452 0 0 0
1661718313.1999225616 0 0 0
1661718313.2655410767 0 0 0
1661718313.3427011967 0 0 0
1661718313.4201178551 0 0 0
1661718313.4858493805 0 0 0
1661718313.5520308018 0 0 0
1661718313.6176631451 0 0 0
1661718313.6949563026 0 0 0
1661718313.760569334 0 0 0
1661718313.8381636143 0 0 0
1661718313.904040575 0 0 0
1661718313.9698946476 0 0 0
1661718314.0355494022 0 0 0
1661718314.1126866341 0 0 0
1661718314.1899695396 0 0 0
1661718314.2563328743 0 0 0
1661718314.321867466 0 0 0
1661718314.3990280628 0 0 0
1661718314.4648866653 0 0 0
1661718314.5303862095 0 0 0
1661718314.6079070568 0 0 0
1661718314.6736836433 0 0 0
1661718314.739559412 0 0 0
1661718314.8170111179 0 0 0
1661718314.8828792572 0 0 0
1661718314.9493682384 0 0 0
1661718315.0150067806 0 0 0
1661718315.08076334 0 0 0
1661718315.1465201378 0 0 0
1661718315.2236859798 0 0 0
1661718315.3009762764 0 0 0
1661718315.3670065403 0 0 0
1661718315.4326639175 0 0 0
1661718315.5098655224 0 0 0
1661718315.5755147934 0 0 0
1661718315.6527440548 0 0 0
1661718315.7186155319 0 0 0
1661718315.7957043648 0 0 0
1661718315.8732571602 0 0 0
1661718315.9497292042 0 0 0
1661718316.0271115303 0 0 0
1661718316.0927050114 0 0 0
1661718316.1699576378 0 0 0
1661718316.2358133793 0 0 0
1661718316.3133168221 0 0 0
1661718316.3787207603 0 0 0
1661718316.455988884 0 0 0
1661718316.5216641426 0 0 0
1661718316.5988788605 0.19000000000000000222 0 0
1661718316.6760439873 0.42500000000000004441 0 0
1661718316.7420196533 0.65500000000000002665 0 0
1661718316.8078825474 0.85499999999999998224 0 0
1661718316.8735339642 0.95500000000000007105 0 0
1661718316.9509189129 0.94500000000000006217 0 0
1661718317.0281217098 0.90999999999999992006 0 0
1661718317.1051766872 0.89000000000000001332 0 0
1661718317.1710329056 0.89000000000000001332 0 0
1661718317.2367665768 0.89000000000000001332 0 0
1661718317.3141105175 0.89000000000000001332 0 0
1661718317.37971735 0.89000000000000001332 0 0
1661718317.4571003914 0.89000000000000001332 0 0
1661718317.5230126381 0.89000000000000001332 0 0
1661718317.5888454914 0.89000000000000001332 0 0
1661718317.6546022892 0.94500000000000006217 0 0
1661718317.73189044 1 0 0
1661718317.7983911037 1 0 0
1661718317.8744721413 1 0 0
1661718317.9516713619 1 0 0
1661718318.0179157257 1 0 0
1661718318.0949447155 1 0 0
1661718318.16071105 1 0 0
1661718318.2379102707 1 0 0
1661718318.3150877953 1 0 0
1661718318.3920054436 1 0 0
1661718318.4577248096 1 0 0
1661718318.5348451138 0.98499999999999998668 0 0
1661718318.6013786793 0.98499999999999998668 0 0
1661718318.6670601368 0.97999999999999998224 0 0
1661718318.7328083515 1 0 0
1661718318.7984933853 0.97999999999999998224 0 0
1661718318.8649454117 0.98499999999999998668 0 0
1661718318.9310650826 0.97999999999999998224 0 0
1661718318.9966151714 0.97999999999999998224 0 0
1661718319.0737533569 0.97999999999999998224 0 0
1661718319.1398429871 0.97999999999999998224 0 0
1661718319.2169451714 0.98499999999999998668 0 0
1661718319.2826526165 1 0 0
1661718319.3599638939 0.98499999999999998668 0 0
1661718319.4263243675 0.98499999999999998668 0 0
1661718319.4919333458 1 0 0
1661718319.5693204403 1 0 0
1661718319.6350812912 1 0 0
1661718319.7008240223 1 0 0
1661718319.7776937485 1 0 0
1661718319.8547475338 1 0 0
1661718319.9320731163 1 0 0
1661718319.9977574348 1 0 0
1661718320.0747077465 1 0 0
1661718320.1524195671 1 0 0
1661718320.2180814743 1 0 0
1661718320.2836589813 1 0 0
1661718320.3607025146 1 0 0
1661718320.4378018379 1 0 0
1661718320.5039527416 1 0 0
1661718320.5811607838 1 0 0
1661718320.6581516266 0.76000000000000000888 0 0
1661718320.7238306999 0.54000000000000003553 0 0
1661718320.8012390137 0.34000000000000002442 0 0
1661718320.8668277264 0.11000000000000000056 0 0
1661718320.9439258575 -0.080000000000000001665 0 0
1661718321.0210983753 -0.30999999999999999778 0 0
1661718321.0866446495 -0.55000000000000004441 0 0
1661718321.163731575 -0.73999999999999999112 0 0
1661718321.241042614 -0.96999999999999997335 0 0
1661718321.3067686558 -1 0 0
1661718321.3837637901 -1 0 0
1661718321.4610040188 -1 0 0
1661718321.5380802155 -1 0 0
1661718321.6038093567 -0.77000000000000001776 0 0
1661718321.681283474 -0.56000000000000005329 0 0
1661718321.7468779087 -0.33000000000000001554 0 0
1661718321.8240272999 -0.14000000000000001332 0 0
1661718321.9010002613 0 0 0
1661718321.9670505524 -0.22500000000000000555 0 0
1661718322.0327467918 -0.42000000000000003997 0 0
1661718322.1101315022 -0.62000000000000010658 0 0
1661718322.1756708622 -0.85499999999999998224 0 0
1661718322.25268507 -0.94500000000000006217 0 0
1661718322.3301713467 -0.94500000000000006217 0 0
1661718322.3958630562 -0.94500000000000006217 0 0
1661718322.4732131958 -0.94500000000000006217 0 0
1661718322.5409519672 -0.94500000000000006217 0 0
1661718322.6267416477 -0.94500000000000006217 0 0
1661718322.7038135529 -0.95500000000000007105 0 0
1661718322.7700543404 -1 0 0
1661718322.8471093178 -1 0 0
1661718322.9245164394 -1 0 0
1661718323.0009877682 -1 0 0
1661718323.0784180164 -1 0 0
1661718323.1438131332 -1 0 0
1661718323.2211270332 -1 0 0
1661718323.2867310047 -1 0 0
1661718323.3527088165 -1 0 0
1661718323.4296672344 -1 0 0
1661718323.5070707798 -0.76000000000000000888 0 0
1661718323.583728075 -0.53000000000000002665 0 0
1661718323.6611187458 -0.2999999999999999889 0 0
1661718323.7268588543 -0.070000000000000006661 0 0
1661718323.8039784431 0 0 0
1661718323.8701841831 0 0 0
1661718323.9358508587 0 0 0
1661718324.01293993 0 0 0
1661718324.090255022 0 0 0
1661718324.1560544968 0 0 0
1661718324.2217168808 0 0 0
1661718324.2989332676 0 0 0
1661718324.3759629726 0 0 0
1661718324.453068018 0 0 0
1661718324.5186197758 0 0 0
1661718324.5958578587 -0.19500000000000000666 0 0
1661718324.673003912 0 0 0
1661718324.7501654625 0 0 0
1661718324.8266596794 0 0 0
1661718324.9041032791 0 0 0
1661718324.9698717594 0 0 0
1661718325.0359461308 0 0 0
1661718325.1134500504 0 0 0
1661718325.1792311668 0 0 0
1661718325.2444808483 0 0 0
1661718325.32188344 0 0 0
1661718325.399466753 0 0 0
1661718325.4756577015 0 0 0
1661718325.5529806614 0 0 0
1661718325.6300821304 0 0 0
1661718325.6958200932 0 0 0
1661718325.7733237743 0 0 0
1661718325.8390336037 0 0 0
1661718325.9049398899 0 0 0
1661718325.9817306995 0 0 0
1661718326.0589151382 0 0 0
1661718326.1363275051 0 0 0
1661718326.2018282413 0 0 0
1661718326.2676055431 0 0 0
1661718326.344918251 0 0 0
1661718326.4223556519 0 0 0
1661718326.4880378246 0 0 0
1661718326.5539467335 0 0 0
1661718326.6199529171 0 0 0
1661718326.6856265068 0 0 0
1661718326.7627804279 0 0 0
1661718326.8289761543 0 0 0
1661718326.8948788643 0 0 0
1661718326.9722490311 0 0 0
1661718327.0380675793 0 0 0
1661718327.1037919521 0 0 0
1661718327.1697750092 0 0 0
1661718327.2469909191 0 0 0
1661718327.3130114079 0.23500000000000001443 0 0
1661718327.3789949417 0.43499999999999999778 0 0
1661718327.4563658237 0.625 0 0
1661718327.5220708847 0.86499999999999999112 0 0
1661718327.5877277851 0.97999999999999998224 0 0
1661718327.6650409698 1 0 0
1661718327.7307605743 1 0 0
1661718327.8079280853 1 0 0
1661718327.8745276928 1 0 0
1661718327.9506587982 1 0 0
1661718328.0277051926 1 0 0
1661718328.1051917076 1 0 0
1661718328.1707720757 1 0 0
1661718328.2483458519 1 0 0
1661718328.3137803078 1 0 0
1661718328.3914351463 1 0 0
1661718328.4566040039 1 0 0
1661718328.533564806 1 0 0
1661718328.610820055 1 0 0
1661718328.6879341602 1 0 0
1661718328.7653491497 1 0 0
1661718328.8312985897 1 0 0
1661718328.8971605301 1 0 0
1661718328.9629530907 1 0 0
1661718329.0401346684 1 0 0
1661718329.1056463718 1 0 0
1661718329.1827628613 1 0 0
1661718329.2600710392 1 0 0
1661718329.3260161877 1 0 0
1661718329.392137289 1 0 0
1661718329.4578166008 1 0 0
1661718329.5349757671 1 0 0
1661718329.6006150246 1 0 0
1661718329.6776864529 1 0 0
1661718329.7547981739 1 0 0
1661718329.8319079876 1 0 0
1661718329.9091286659 1 0 0
1661718329.9748809338 1 0 0
1661718330.0516219139 1 0 0
1661718330.1286783218 1 0 0
1661718330.2059018612 1 0 0
1661718330.2829990387 1 0 0
1661718330.3485777378 1 0 0
1661718330.41507864 1 0 0
1661718330.4806959629 1 0 0
1661718330.5579652786 0.92999999999999993783 0 0
1661718330.6348721981 0.90999999999999992006 0 0
1661718330.7121229172 0.90999999999999992006 0 0
1661718330.7777278423 0.91500000000000003553 0 0
1661718330.8549766541 0.90999999999999992006 0 0
1661718330.9321718216 0.90999999999999992006 0 0
1661718330.9976730347 0.90999999999999992006 0 0
1661718331.0748412609 0.90999999999999992006 0 0
1661718331.1519348621 0.90999999999999992006 0 0
1661718331.2292544842 0.91500000000000003553 0 0
1661718331.2949180603 0.90999999999999992006 0 0
1661718331.3609275818 0.90999999999999992006 0 0
1661718331.4383220673 0.90999999999999992006 0 0
1661718331.503772974 0.90999999999999992006 0 0
1661718331.5809855461 0.91500000000000003553 0 0
1661718331.6581056118 0.90999999999999992006 0 0
1661718331.7245721817 0.91500000000000003553 0 0
1661718331.7900869846 0.90999999999999992006 0 0
1661718331.8557777405 0.90999999999999992006 0 0
1661718331.9328484535 0.90999999999999992006 0 0
1661718332.0098674297 0.81000000000000005329 0 0
1661718332.086861372 0.76500000000000001332 0 0
1661718332.1640498638 0.7750000000000000222 0 0
1661718332.2297151089 0.76000000000000000888 0 0
1661718332.306791544 0.57000000000000006217 0 0
1661718332.3837742805 0.33499999999999996447 0 0
1661718332.4609298706 0.11000000000000000056 0 0
1661718332.53814888 -0.115000000000000005 0 0
1661718332.6036217213 -0.3499999999999999778 0 0
1661718332.6808636189 -0.54499999999999992895 0 0
1661718332.7578914165 -0.78000000000000002665 0 0
1661718332.8351078033 -0.92999999999999993783 0 0
1661718332.9121603966 -0.92500000000000004441 0 0
1661718332.9776470661 -0.92500000000000004441 0 0
1661718333.044162035 -0.92999999999999993783 0 0
1661718333.1096656322 -0.92999999999999993783 0 0
1661718333.1763575077 -0.93999999999999994671 0 0
1661718333.2417066097 -0.93999999999999994671 0 0
1661718333.3190360069 -0.94500000000000006217 0 0
1661718333.3848774433 -0.95500000000000007105 0 0
1661718333.4622302055 -0.92999999999999993783 0 0
1661718333.5280270576 -0.94500000000000006217 0 0
1661718333.6053600311 -0.95500000000000007105 0 0
1661718333.6707377434 -0.94500000000000006217 0 0
1661718333.7481062412 -1 0 0
1661718333.8146448135 -1 0 0
1661718333.8914539814 -1 0 0
1661718333.9570138454 -1 0 0
1661718334.0226144791 -1 0 0
1661718334.0999352932 -1 0 0
1661718334.177077055 -1 0 0
1661718334.2425868511 -1 0 0
1661718334.3202402592 -0.99499999999999999556 0 0
1661718334.3856482506 -0.92999999999999993783 0 0
1661718334.4631400108 -0.92999999999999993783 0 0
1661718334.5289444923 -0.85499999999999998224 0 0
1661718334.5948040485 -0.78000000000000002665 0 0
1661718334.6720113754 -0.73499999999999998668 0 0
1661718334.7494225502 -0.70999999999999996447 0 0
1661718334.815199852 -0.71999999999999997335 0 0
1661718334.8812329769 -0.71999999999999997335 0 0
1661718334.9470512867 -0.80000000000000004441 0 0
1661718335.0239858627 -0.5999999999999999778 0 0
1661718335.1013691425 -0.36999999999999999556 0 0
1661718335.1667864323 -0.39000000000000001332 0 0
1661718335.2439124584 -0.59000000000000007994 0 0
1661718335.3211348057 -0.64000000000000001332 0 0
1661718335.3872556686 -0.59000000000000007994 0 0
1661718335.452713728 -0.39000000000000001332 0 0
1661718335.5306134224 -0.19000000000000000222 0 0
1661718335.6070170403 0 0 0
1661718335.6728668213 0 0 0
1661718335.7501299381 0 0 0
1661718335.8157656193 0 0 0
1661718335.8926839828 0 0 0
1661718335.9700875282 0 0 0
1661718336.0471892357 0 0 0
1661718336.1128842831 0 0 0
1661718336.1902394295 0 0 0
1661718336.256061554 0 0 0
1661718336.3331563473 0 0 0
1661718336.3990330696 0 0 0
1661718336.4759681225 0 0 0
1661718336.5526745319 0 0 0
1661718336.6298551559 0 0 0
1661718336.707007885 0 0 0
1661718336.7736802101 0 0 0
1661718336.8499257565 0 0 0
1661718336.9273176193 0 0 0
1661718336.9929568768 0 0 0
1661718337.0702729225 0 0 0
1661718337.1360154152 0 0 0
1661718337.213629961 0 0 0
1661718337.2898557186 0 0 0
1661718337.3670477867 0 0 0
1661718337.444163084 0 0 0
1661718337.5098314285 0 0 0
1661718337.587215662 0 0 0
1661718337.6536791325 0 0 0
1661718337.7301049232 0 0 0
1661718337.8074991703 0 0 0
1661718337.8733158112 0 0 0
1661718337.9389774799 0 0 0
1661718338.0049152374 0 0 0
1661718338.0825130939 0 0 0
1661718338.1480846405 0.22500000000000000555 0 0
1661718338.2145416737 0.42000000000000003997 0 0
1661718338.2800762653 0.61999999999999999556 0 0
1661718338.3466024399 0.82000000000000006217 0 0
1661718338.4121263027 0.875 0 0
1661718338.4892470837 0.875 0 0
1661718338.5552043915 0.875 0 0
1661718338.620852232 0.875 0 0
1661718338.6981358528 0.875 0 0
1661718338.7639837265 0.875 0 0
1661718338.8300001621 0.875 0 0
1661718338.9067015648 0.875 0 0
1661718338.9838597775 0.89000000000000001332 0 0
1661718339.0613453388 0.92500000000000004441 0 0
1661718339.1269586086 0.93999999999999994671 0 0
1661718339.2041635513 0.93999999999999994671 0 0
1661718339.269892931 0.98499999999999998668 0 0
1661718339.3361880779 1 0 0
1661718339.4018714428 1 0 0
1661718339.4790623188 1 0 0
1661718339.5449094772 1 0 0
1661718339.6217353344 1 0 0
1661718339.6989271641 1 0 0
1661718339.7762405872 1 0 0
1661718339.8420398235 1 0 0
1661718339.9192562103 1 0 0
1661718339.9848208427 1 0 0
1661718340.0620703697 1 0 0
1661718340.1393480301 1 0 0
1661718340.2163023949 1 0 0
1661718340.2818088531 1 0 0
1661718340.3592145443 1 0 0
1661718340.4248213768 1 0 0
1661718340.5024430752 1 0 0
1661718340.5679733753 0.99499999999999999556 0 0
1661718340.645242691 0.98499999999999998668 0 0
1661718340.7108230591 0.98499999999999998668 0 0
1661718340.7878284454 0.98499999999999998668 0 0
1661718340.8648076057 0.99499999999999999556 0 0
1661718340.931322813 0.99499999999999999556 0 0
1661718340.9968724251 1 0 0
1661718341.0740759373 1 0 0
1661718341.1512696743 1 0 0
1661718341.2170643806 1 0 0
1661718341.2942435741 1 0 0
1661718341.3599619865 1 0 0
1661718341.4369754791 0.95500000000000007105 0 0
1661718341.5141034126 0.91500000000000003553 0 0
1661718341.5798473358 0.89500000000000001776 0 0
1661718341.6569552422 0.88000000000000000444 0 0
1661718341.7342629433 0.85999999999999987566 0 0
1661718341.8112425804 0.85999999999999987566 0 0
1661718341.8768558502 0.85999999999999987566 0 0
1661718341.9540269375 0.84499999999999997335 0 0
1661718342.0311467648 0.79499999999999992895 0 0
1661718342.0968177319 0.80000000000000004441 0 0
1661718342.1764476299 0.79499999999999992895 0 0
1661718342.2622199059 0.74499999999999999556 0 0
1661718342.3278019428 0.66500000000000003553 0 0
1661718342.4057497978 0.53500000000000003109 0 0
1661718342.4711637497 0.30999999999999994227 0 0
1661718342.5486881733 0.11000000000000001443 0 0
1661718342.6248595715 -0.11500000000000001887 0 0
1661718342.7021882534 -0.35499999999999998224 0 0
1661718342.7680234909 -0.57999999999999996003 0 0
1661718342.845266819 -0.67500000000000004441 0 0
1661718342.9225912094 -0.78499999999999992006 0 0
1661718342.9881281853 -0.83000000000000007105 0 0
1661718343.065125227 -1 0 0
1661718343.1418418884 -1 0 0
1661718343.2196185589 -0.85499999999999998224 0 0
1661718343.2855391502 -0.70499999999999996003 0 0
1661718343.3510653973 -0.68999999999999994671 0 0
1661718343.4281828403 -0.68999999999999994671 0 0
1661718343.5054183006 -0.69500000000000006217 0 0
1661718343.5707302094 -0.70499999999999996003 0 0
1661718343.6375579834 -0.70499999999999996003 0 0
1661718343.7031195164 -0.70999999999999996447 0 0
1661718343.7801260948 -0.7249999999999999778 0 0
1661718343.8573460579 -0.74499999999999999556 0 0
1661718343.9228560925 -0.76000000000000000888 0 0
1661718343.9998874664 -0.81499999999999994671 0 0
1661718344.077147007 -1 0 0
1661718344.1544063091 -1 0 0
1661718344.2199716568 -0.8499999999999999778 0 0
1661718344.285889864 -0.75 0 0
1661718344.3630912304 -0.75 0 0
1661718344.4291498661 -0.75 0 0
1661718344.5065891743 -0.66500000000000003553 0 0
1661718344.572332859 -0.63500000000000000888 0 0
1661718344.6379714012 -0.63500000000000000888 0 0
1661718344.715382576 -0.63500000000000000888 0 0
1661718344.7808179855 -0.63500000000000000888 0 0
1661718344.8579702377 -0.73499999999999998668 0 0
1661718344.9353048801 -0.9000000000000000222 0 0
1661718345.0012147427 -0.90999999999999992006 0 0
1661718345.0668814182 -0.9000000000000000222 0 0
1661718345.1441831589 -0.90999999999999992006 0 0
1661718345.2100329399 -0.90999999999999992006 0 0
1661718345.2867937088 -0.90999999999999992006 0 0
1661718345.3639936447 -0.90999999999999992006 0 0
1661718345.4408233166 -0.74499999999999999556 0 0
1661718345.5180375576 -0.63000000000000000444 0 0
1661718345.5950498581 -0.68999999999999994671 0 0
1661718345.6723718643 -0.53500000000000003109 0 0
1661718345.7381036282 -0.2999999999999999889 0 0
1661718345.8153874874 -0.11000000000000000056 0 0
1661718345.8810212612 0 0 0
1661718345.9583809376 0 0 0
1661718346.0241539478 0 0 0
1661718346.1016142368 0 0 0
1661718346.1672208309 0 0 0
1661718346.2459597588 0 0 0
1661718346.3214001656 0 0 0
1661718346.387100935 0 0 0
1661718346.4643781185 0 0 0
1661718346.5411741734 0 0 0
1661718346.6182901859 0 0 0
1661718346.6842610836 0 0 0
1661718346.7613790035 0 0 0
1661718346.8270132542 0 0 0
1661718346.9041979313 0 0 0
1661718346.9817075729 0 0 0
1661718347.0581762791 0 0 0
1661718347.124106884 0 0 0
1661718347.1900732517 0 0 0
1661718347.2674095631 0 0 0
1661718347.333304882 0 0 0
1661718347.3991963863 0 0 0
1661718347.4764313698 0 0 0
1661718347.5426092148 0 0 0
1661718347.6081707478 0 0 0
1661718347.6738610268 0 0 0
1661718347.7514727116 0 0 0
1661718347.8173260689 0 0 0
1661718347.8827424049 0 0 0
1661718347.9493720531 0 0 0
1661718348.0149564743 0 0 0
1661718348.0921473503 0 0 0
1661718348.1578531265 0 0 0
1661718348.2352762222 0 0 0
1661718348.3010694981 0 0 0
1661718348.3785326481 0 0 0
1661718348.4440994263 0 0 0
1661718348.521248579 0 0 0
1661718348.5871036053 0 0 0
1661718348.6641542912 0 0 0
1661718348.7417216301 0 0 0
1661718348.8180134296 0 0 0
1661718348.9059524536 0 0 0
1661718348.9834384918 0 0 0
1661718349.0490143299 0 0 0
1661718349.1262013912 0 0 0
1661718349.1921522617 0 0 0
1661718349.269453764 0 0 0
1661718349.3351063728 0 0 0
1661718349.4014921188 0 0 0
1661718349.4671988487 0 0 0
1661718349.54454422 0 0 0
1661718349.6101641655 0 0 0
1661718349.6758978367 0 0 0
1661718349.7535057068 0 0 0
1661718349.8192870617 0 0 0
1661718349.8965592384 0 0 0
1661718349.962243557 0 0 0
1661718350.028192997 0 0 0
1661718350.1053731441 0 0 0
1661718350.171463728 0 0 0
1661718350.2374010086 0 0 0
1661718350.3142590523 0 0 0
1661718350.3800961971 0 0 0
1661718350.4575507641 0 0 0
1661718350.5231311321 0 0 0
1661718350.5891563892 0 0 0
1661718350.6663866043 0 0 0
1661718350.7320632935 0 0 0
1661718350.8095030785 0 0 0
1661718350.8756170273 0 0 0
1661718350.9413919449 0 0 0
1661718351.0182814598 0 0 0
1661718351.0841078758 0 0 0
1661718351.1610510349 0 0 0
1661718351.2380101681 0 0 0
1661718351.3152801991 0 0 0
1661718351.3812031746 0 0 0
1661718351.4585342407 0 0 0
1661718351.5241570473 0 0 0
1661718351.6015803814 0 0 0
1661718351.6675322056 0 0 0
1661718351.7331154346 0 0 0
1661718351.8103311062 0 0 0
1661718351.8761775494 0 0 0
1661718351.9426748753 0 0 0
1661718352.0083699226 0 0 0
1661718352.0849404335 0 0 0
1661718352.1626751423 0 0 0
1661718352.2389416695 0 0 0
1661718352.3056569099 0 0 0
1661718352.3824307919 0 0 0
1661718352.4596819878 0 0 0
1661718352.5254023075 0 0 0
1661718352.5915081501 0 0 0
1661718352.6575095654 0 0 0
1661718352.7237737179 0 0 0
1661718352.7895867825 0 0 0
1661718352.866312027 0 0 0
1661718352.9326093197 0 0 0
1661718352.9982483387 0 0 0
1661718353.0639574528 0 0 0
1661718353.1410241127 0 0 0
1661718353.2184643745 0 0 0
1661718353.2843897343 0 0 0
1661718353.3499388695 0 0 0
1661718353.4278590679 0 0 0
1661718353.493689537 0 0 0
1661718353.5703186989 0 0 0
1661718353.6471030712 0 0 0
1661718353.7138495445 0 0 0
1661718353.7902903557 0 0 0
1661718353.8670628071 0 0 0
1661718353.9439375401 0 0 0
1661718354.0105099678 0 0 0
1661718354.0762219429 0 0 0
1661718354.153418541 0 0 0
1661718354.2194581032 0 0 0
1661718354.2853076458 0 0 0
1661718354.3622398376 0 0 0
1661718354.4391386509 0 0 0
1661718354.5165109634 0 0 0
1661718354.5933017731 0 0 0
1661718354.6593654156 0 0 0
1661718354.7253470421 0 0 0
