1661997490.7165224552 0 0 0
1661997490.7937340736 0 0 0
1661997490.859588623 0.22500000000000000555 0 0
1661997490.9369497299 0.42000000000000003997 0 0
1661997491.002456665 0.65500000000000002665 0 0
1661997491.0797588825 0.84999999999999986677 0 0
1661997491.1454429626 0.88000000000000000444 0 0
1661997491.2227766514 0.875 0 0
1661997491.2886171341 0.88000000000000000444 0 0
1661997491.3659431934 0.88000000000000000444 0 0
1661997491.4316673279 0.88000000000000000444 0 0
1661997491.5091121197 0.875 0 0
1661997491.5748472214 0.86499999999999999112 0 0
1661997491.640696764 0.86499999999999999112 0 0
1661997491.7180848122 0.86499999999999999112 0 0
1661997491.7838671207 0.86499999999999999112 0 0
1661997491.8504104614 0.86499999999999999112 0 0
1661997491.9161746502 0.875 0 0
1661997491.981826067 0.8499999999999999778 0 0
1661997492.0475225449 0.84499999999999997335 0 0
1661997492.1249651909 0.84499999999999997335 0 0
1661997492.1910016537 0.84499999999999997335 0 0
1661997492.2567150593 0.8499999999999999778 0 0
1661997492.3341825008 0.8499999999999999778 0 0
1661997492.3999888897 0.8499999999999999778 0 0
1661997492.4656291008 0.8499999999999999778 0 0
1661997492.5429134369 0.8499999999999999778 0 0
1661997492.6088116169 0.8499999999999999778 0 0
1661997492.6752672195 0.8499999999999999778 0 0
1661997492.7409501076 0.8499999999999999778 0 0
1661997492.8066701889 0.8499999999999999778 0 0
1661997492.8839149475 0.8499999999999999778 0 0
1661997492.9499228001 0.78499999999999992006 0 0
1661997493.0154707432 0.91500000000000003553 0 0
1661997493.0926902294 0.80000000000000004441 0 0
1661997493.1699945927 0.56000000000000005329 0 0
1661997493.2359268665 0.33000000000000001554 0 0
1661997493.3015520573 0.14000000000000001332 0 0
1661997493.3788897991 0 0 0
1661997493.4447207451 0 0 0
1661997493.5220053196 0 0 0
1661997493.5877497196 0 0 0
1661997493.6651446819 0 0 0
1661997493.7307386398 0 0 0
1661997493.7966794968 0 0 0
1661997493.8740520477 0 0 0
1661997493.9397189617 0 0 0
1661997494.0171067715 0 0 0
1661997494.0833511353 0 0 0
1661997494.1597077847 0 0 0
1661997494.2371137142 0 0 0
1661997494.3026885986 0.02999999999999999889 0 0
1661997494.3799130917 0.22500000000000000555 0 0
1661997494.4456629753 0.38999999999999995781 0 0
1661997494.5232179165 0.38999999999999995781 0 0
1661997494.5889165401 0.39500000000000001776 0 0
1661997494.654602766 0.39500000000000001776 0 0
1661997494.7319529057 0.39500000000000001776 0 0
1661997494.797655344 0.39000000000000001332 0 0
1661997494.8748662472 0.39500000000000001776 0 0
1661997494.9404160976 0.16000000000000000333 0 0
1661997495.0180056095 0 0 0
1661997495.0838177204 0 0 0
1661997495.1611654758 0 0 0
1661997495.2269999981 0 0 0
1661997495.292617321 0 0 0
1661997495.3589472771 0 0 0
1661997495.4357819557 0 0 0
1661997495.5015130043 0 0 0
1661997495.5791993141 0 0 0
1661997495.6448116302 0 0 0
1661997495.7222750187 0 0 0
1661997495.7987864017 0 0 0
1661997495.8757691383 0 0 0
1661997495.9415585995 0 0 0
1661997496.0076928139 0 0 0
1661997496.0849890709 0 0 0
1661997496.1507217884 0 0 0
1661997496.2280597687 0 0 0
1661997496.293743372 0 0 0
1661997496.3711175919 0 0 0
1661997496.4369029999 0 0 0
1661997496.5025167465 0 0 0
1661997496.5799894333 0 0 0
1661997496.6457724571 0 0 0
1661997496.7116291523 0 0 0
1661997496.7890431881 0 0 0
1661997496.8547720909 0 0 0
1661997496.9206764698 0 0 0
1661997496.9980282784 0 0 0
1661997497.0638751984 0 0 0
1661997497.1295611858 0 0 0
1661997497.2068855762 0 0 0
1661997497.2728388309 0 0 0
1661997497.3384776115 0 0 0
1661997497.4158148766 0 0 0
1661997497.4815475941 0 0 0
1661997497.5591490269 0 0 0
1661997497.6250255108 0 0 0
1661997497.6907236576 0 0 0
1661997497.7680976391 0 0 0
1661997497.833701849 0 0 0
1661997497.8997449875 0 0 0
1661997497.9770853519 0 0 0
1661997498.0428981781 0 0 0
1661997498.1085758209 0 0 0
1661997498.1862857342 0 0 0
1661997498.2519731522 0 0 0
1661997498.3176009655 0 0 0
1661997498.3950417042 0 0 0
1661997498.4610271454 0 0 0
1661997498.5268936157 0 0 0
1661997498.5927891731 0 0 0
1661997498.6702382565 0 0 0
1661997498.7359800339 0 0 0
1661997498.8016262054 0 0 0
1661997498.8792750835 0 0 0
1661997498.9558191299 0 0 0
1661997499.0330405235 0 0 0
1661997499.0986902714 0 0 0
1661997499.1760084629 0 0 0
1661997499.2417523861 0 0 0
1661997499.3189122677 0 0 0
1661997499.3846940994 0 0 0
1661997499.4619057178 0 0 0
1661997499.5278058052 0 0 0
1661997499.593742609 0 0 0
1661997499.6710698605 0 0 0
1661997499.7367181778 0 0 0
1661997499.8142256737 0 0 0
1661997499.8800470829 0 0 0
1661997499.9457271099 0 0 0
1661997500.023211956 0 0 0
1661997500.0887534618 0 0 0
1661997500.1660120487 0 0 0
1661997500.2316577435 0 0 0
1661997500.3089909554 0 0 0
1661997500.3862969875 0 0 0
1661997500.452103138 0 0 0
1661997500.517850399 0 0 0
1661997500.5953156948 0 0 0
1661997500.6635415554 0 0 0
1661997500.9599032402 0 0 0
1661997501.0372874737 0 0 0
1661997501.1025750637 0 0 0
1661997501.1801719666 0 0 0
1661997501.2458212376 0 0 0
1661997501.311611414 0 0 0
1661997501.3891441822 0 0 0
1661997501.4547903538 0 0 0
1661997501.5323545933 0 0 0
1661997501.5980267525 0 0 0
1661997501.6638302803 0 0 0
1661997501.7296788692 0 0 0
1661997501.8071658611 0 0 0
1661997501.8728921413 0 0 0
1661997501.9387731552 0 0 0
1661997502.0162775517 0 0 0
1661997502.0820138454 0 0 0
1661997502.1476643085 0 0 0
1661997502.2249703407 0 0 0
1661997502.2908728123 0 0 0
1661997502.3681883812 0 0 0
1661997502.4335901737 0 0 0
1661997502.5110750198 0 0 0
1661997502.576581955 0 0 0
1661997502.6433739662 0 0 0
1661997502.7090818882 0 0 0
1661997502.7749493122 0 0 0
1661997502.8406288624 0 0 0
1661997502.9182872772 0 0 0
1661997502.9952507019 0 0 0
1661997503.060914278 0 0 0
1661997503.1266479492 0.14000000000000001332 0 0
1661997503.2036788464 0.34000000000000002442 0 0
1661997503.2812664509 0.11000000000000000056 0 0
1661997503.3469471931 0 0 0
1661997503.4128711224 0 0 0
1661997503.4789965153 0 0 0
1661997503.5558555126 0 0 0
1661997503.6331329346 0 0 0
1661997503.6989524364 0 0 0
1661997503.7646727562 0 0 0
1661997503.841984272 0 0 0
1661997503.9192533493 0 0 0
1661997503.9848966599 0 0 0
1661997504.0620985031 0 0 0
1661997504.1277480125 0 0 0
1661997504.193779707 0 0 0
1661997504.2705159187 0 0 0
1661997504.3482313156 0 0 0
1661997504.4136488438 0 0 0
1661997504.4909830093 0 0 0
1661997504.5566577911 0 0 0
1661997504.6340389252 0 0 0
1661997504.6999495029 0 0 0
1661997504.7657499313 0 0 0
1661997504.8432793617 0 0 0
1661997504.908998251 0 0 0
1661997504.9749355316 0 0 0
1661997505.0406520367 0 0 0
1661997505.1181004047 0 0 0
1661997505.183722496 0 0 0
1661997505.2611117363 0.19000000000000000222 0 0
1661997505.3268229961 0.41999999999999998446 0 0
1661997505.3931353092 0.51000000000000000888 0 0
1661997505.4590902328 0.47999999999999998224 0 0
1661997505.5249695778 0.47999999999999998224 0 0
1661997505.5908343792 0.53000000000000002665 0 0
1661997505.6683936119 0.53000000000000002665 0 0
1661997505.7340362072 0.56000000000000005329 0 0
1661997505.8004524708 0.61999999999999999556 0 0
1661997505.8664488792 0.68999999999999994671 0 0
1661997505.9316620827 0.67000000000000015099 0 0
1661997506.008810997 0.70999999999999996447 0 0
1661997506.0863604546 0.70999999999999996447 0 0
1661997506.1518585682 0.76000000000000000888 0 0
1661997506.2289996147 0.86999999999999988454 0 0
1661997506.2948532104 1 0 0
1661997506.3720693588 1 0 0
1661997506.4377954006 1 0 0
1661997506.5152182579 1 0 0
1661997506.5809206963 1 0 0
1661997506.6469004154 1 0 0
1661997506.7241799831 1 0 0
1661997506.7897136211 1 0 0
1661997506.867305994 1 0 0
1661997506.9330813885 1 0 0
1661997506.9986832142 1 0 0
1661997507.0765562057 1 0 0
1661997507.1529459953 1 0 0
1661997507.2295370102 1 0 0
1661997507.3071327209 1 0 0
1661997507.3731572628 1 0 0
1661997507.4416909218 1 0 0
1661997507.5159604549 1 0 0
1661997507.593338728 1 0 0
1661997507.6590642929 1 0 0
1661997507.725206852 1 0 0
1661997507.7910130024 1 0 0
1661997507.8571739197 1 0 0
1661997507.9340238571 1 0 0
1661997508.011487484 1 0 0
1661997508.0794520378 1 0 0
1661997508.1651339531 1 0 0
1661997508.23082304 1 0 0
1661997508.3082542419 1 0 0
1661997508.3742964268 1 0 0
1661997508.4401943684 1 0 0
1661997508.5059440136 1 0 0
1661997508.5830688477 1 0 0
1661997508.6491568089 1 0 0
1661997508.7147984505 1 0 0
1661997508.7923176289 1 0 0
1661997508.8582811356 1 0 0
1661997508.9240882397 1 0 0
1661997508.9895997047 1 0 0
1661997509.0671327114 1 0 0
1661997509.1331977844 1 0 0
1661997509.1988680363 1 0 0
1661997509.2761285305 1 0 0
1661997509.3418850899 1 0 0
1661997509.4193658829 1 0 0
1661997509.4964168072 1 0 0
1661997509.5619437695 1 0 0
1661997509.6392598152 1 0 0
1661997509.7158002853 1 0 0
1661997509.7932906151 1 0 0
1661997509.8590579033 1 0 0
1661997509.9249739647 1 0 0
1661997509.990811348 1 0 0
1661997510.0683579445 1 0 0
1661997510.1339235306 1 0 0
1661997510.2112634182 1 0 0
1661997510.2773728371 0.90999999999999992006 0 0
1661997510.34344244 0.8350000000000000755 0 0
1661997510.4090971947 0.75500000000000000444 0 0
1661997510.4749698639 0.7249999999999999778 0 0
1661997510.5407226086 0.68500000000000005329 0 0
1661997510.6177930832 0.73499999999999998668 0 0
1661997510.68405509 0.9000000000000000222 0 0
1661997510.7501296997 1 0 0
1661997510.8271920681 1 0 0
1661997510.8930950165 1 0 0
1661997510.9699501991 1 0 0
1661997511.0474293232 1 0 0
1661997511.1132965088 0.92999999999999993783 0 0
1661997511.1790339947 0.97999999999999998224 0 0
1661997511.244910717 0.96999999999999997335 0 0
1661997511.322324276 1 0 0
1661997511.3880369663 1 0 0
1661997511.4539279938 0.93999999999999994671 0 0
1661997511.520257473 0.78000000000000002665 0 0
1661997511.5861158371 0.70999999999999996447 0 0
1661997511.6526725292 0.68500000000000005329 0 0
1661997511.729257822 0.68500000000000005329 0 0
1661997511.8057191372 0.68999999999999994671 0 0
1661997511.8830399513 0.68500000000000005329 0 0
1661997511.9606263638 0.68500000000000005329 0 0
1661997512.0371525288 0.82499999999999995559 0 0
1661997512.1029241085 1 0 0
1661997512.1804609299 1 0 0
1661997512.2573442459 1 0 0
1661997512.3340060711 1 0 0
1661997512.4114716053 1 0 0
1661997512.4879055023 1 0 0
1661997512.5653853416 1 0 0
1661997512.631177187 1 0 0
1661997512.6971979141 1 0 0
1661997512.7631106377 1 0 0
1661997512.8289422989 1 0 0
1661997512.9060599804 1 0 0
1661997512.9720189571 1 0 0
1661997513.0377857685 0.91500000000000003553 0 0
1661997513.1153390408 0.76500000000000001332 0 0
1661997513.1812131405 0.64000000000000001332 0 0
1661997513.2469387054 0.6500000000000000222 0 0
1661997513.3129742146 0.76000000000000000888 0 0
1661997513.3902730942 0.90500000000000002665 0 0
1661997513.4560620785 0.86999999999999999556 0 0
1661997513.5332660675 0.73499999999999998668 0 0
1661997513.599244833 0.63500000000000000888 0 0
1661997513.6648013592 0.63500000000000000888 0 0
1661997513.7312188148 0.63500000000000000888 0 0
1661997513.8076887131 0.65500000000000002665 0 0
1661997513.8849227428 0.78000000000000002665 0 0
1661997513.9619464874 0.97499999999999986677 0 0
1661997514.0277204514 0.81499999999999994671 0 0
1661997514.105055809 0.71999999999999997335 0 0
1661997514.1713652611 0.67000000000000003997 0 0
1661997514.2369349003 0.64000000000000001332 0 0
1661997514.3030381203 0.63000000000000000444 0 0
1661997514.3694851398 0.65500000000000002665 0 0
1661997514.4471998215 0.73499999999999998668 0 0
1661997514.5117578506 0.9000000000000000222 0 0
1661997514.5889251232 0.95500000000000007105 0 0
1661997514.6666083336 0.86999999999999999556 0 0
1661997514.7323884964 0.74499999999999999556 0 0
1661997514.7981088161 0.69500000000000006217 0 0
1661997514.8752963543 0.67499999999999993339 0 0
1661997514.9413523674 0.67499999999999993339 0 0
1661997515.0072331429 0.67499999999999993339 0 0
1661997515.0731773376 0.72999999999999998224 0 0
1661997515.1503808498 0.86499999999999999112 0 0
1661997515.2162735462 0.90999999999999992006 0 0
1661997515.2820389271 0.76500000000000001332 0 0
1661997515.3588738441 0.65500000000000002665 0 0
1661997515.4362668991 0.61999999999999999556 0 0
1661997515.5020534992 0.61999999999999999556 0 0
1661997515.5904638767 0.61999999999999999556 0 0
1661997515.6557824612 0.66000000000000003109 0 0
1661997515.7333192825 0.69500000000000006217 0 0
1661997515.7993297577 0.8499999999999999778 0 0
1661997515.8756458759 0.95999999999999996447 0 0
1661997515.9422798157 0.78499999999999992006 0 0
1661997516.0191357136 0.66500000000000003553 0 0
1661997516.0965077877 0.57000000000000006217 0 0
1661997516.1731112003 0.57000000000000006217 0 0
1661997516.2500517368 0.57000000000000006217 0 0
1661997516.3164253235 0.57000000000000006217 0 0
1661997516.3825249672 0.57999999999999996003 0 0
1661997516.4486091137 0.66500000000000003553 0 0
1661997516.5247459412 0.77000000000000001776 0 0
1661997516.6021952629 0.95500000000000007105 0 0
1661997516.6788783073 0.83000000000000007105 0 0
1661997516.7451956272 0.63000000000000000444 0 0
1661997516.8224930763 0.47999999999999998224 0 0
1661997516.8881943226 0.38500000000000000888 0 0
1661997516.9543266296 0.38500000000000000888 0 0
1661997517.0205833912 0.38500000000000000888 0 0
1661997517.0971114635 0.41000000000000003109 0 0
1661997517.1744155884 0.56499999999999994671 0 0
1661997517.2402775288 0.76000000000000000888 0 0
1661997517.3057639599 0.91500000000000003553 0 0
1661997517.3724901676 0.89000000000000001332 0 0
1661997517.4520611763 0.75 0 0
1661997517.5374724865 0.67499999999999993339 0 0
1661997517.6035637856 0.67499999999999993339 0 0
1661997517.6693897247 0.67500000000000004441 0 0
1661997517.735076189 0.67499999999999993339 0 0
1661997517.8006501198 0.67499999999999993339 0 0
1661997517.8784005642 0.67499999999999993339 0 0
1661997517.9443824291 0.82000000000000006217 0 0
1661997518.0102834702 0.99499999999999999556 0 0
1661997518.0870718956 0.82499999999999995559 0 0
1661997518.1641528606 0.67999999999999993783 0 0
1661997518.2415187359 0.5999999999999999778 0 0
1661997518.3071427345 0.5999999999999999778 0 0
1661997518.3845214844 0.68999999999999994671 0 0
1661997518.4498927593 0.8350000000000000755 0 0
1661997518.5162987709 0.97999999999999998224 0 0
1661997518.5817670822 0.81000000000000005329 0 0
1661997518.6595840454 0.68999999999999994671 0 0
1661997518.7360770702 0.60499999999999998224 0 0
1661997518.8022828102 0.71499999999999996891 0 0
1661997518.8684811592 0.84000000000000007994 0 0
1661997518.9341282845 0.96999999999999997335 0 0
1661997518.999904871 0.85499999999999998224 0 0
1661997519.0774011612 0.85999999999999987566 0 0
1661997519.1429052353 0.85499999999999998224 0 0
1661997519.2091600895 1 0 0
1661997519.2748713493 1 0 0
1661997519.3523275852 0.82499999999999995559 0 0
1661997519.4180555344 0.68500000000000005329 0 0
1661997519.4842016697 0.67500000000000004441 0 0
1661997519.5614876747 0.78499999999999992006 0 0
1661997519.6380853653 0.98499999999999998668 0 0
1661997519.7152674198 0.88000000000000000444 0 0
1661997519.7812747955 1 0 0
1661997519.8468642235 0.90999999999999992006 0 0
1661997519.924241066 0.76000000000000000888 0 0
1661997520.0010819435 0.84499999999999997335 0 0
1661997520.0670127869 0.93999999999999994671 0 0
1661997520.1443479061 0.78499999999999992006 0 0
1661997520.221155405 0.56499999999999994671 0 0
1661997520.297929287 0.33000000000000001554 0 0
1661997520.3751654625 0.10000000000000000555 0 0
1661997520.4410572052 0 0 0
1661997520.5069944859 0 0 0
1661997520.5841646194 0.19000000000000000222 0 0
1661997520.6499013901 0.4249999999999999889 0 0
1661997520.7271375656 0.61999999999999999556 0 0
1661997520.793305397 0.8499999999999999778 0 0
1661997520.8591923714 1 0 0
1661997520.9361419678 1 0 0
1661997521.0133519173 1 0 0
1661997521.0792005062 1 0 0
1661997521.1565425396 1 0 0
1661997521.2223060131 1 0 0
1661997521.2993967533 1 0 0
1661997521.3651285172 1 0 0
1661997521.4424581528 1 0 0
1661997521.5083010197 1 0 0
1661997521.5737671852 1 0 0
1661997521.6511006355 1 0 0
1661997521.7286484241 0.89000000000000001332 0 0
1661997521.8048641682 0.72999999999999998224 0 0
1661997521.8822126389 0.61499999999999999112 0 0
1661997521.9485855103 0.57999999999999996003 0 0
1661997522.0144143105 0.56999999999999995115 0 0
1661997522.0804338455 0.56999999999999995115 0 0
1661997522.1462752819 0.56999999999999995115 0 0
1661997522.2235226631 0.56999999999999995115 0 0
1661997522.2894730568 0.56999999999999995115 0 0
1661997522.3574233055 0.56999999999999995115 0 0
1661997522.4429979324 0.59499999999999997335 0 0
1661997522.5203313828 0.5999999999999999778 0 0
1661997522.597589016 0.70999999999999996447 0 0
1661997522.6627268791 0.85999999999999987566 0 0
1661997522.7291331291 0.79499999999999992895 0 0
1661997522.7952804565 0.59499999999999997335 0 0
1661997522.8608880043 0.40500000000000002665 0 0
1661997522.9382812977 0.20500000000000001554 0 0
1661997523.0040352345 0 0 0
1661997523.081618309 0 0 0
1661997523.1473965645 0 0 0
1661997523.2129518986 0 0 0
1661997523.2903161049 0 0 0
1661997523.3564927578 0 0 0
1661997523.4225161076 0 0 0
1661997523.4884269238 0 0 0
1661997523.5545670986 0 0 0
1661997523.6203122139 0 0 0
1661997523.6859343052 0 0 0
1661997523.7636218071 0 0 0
1661997523.8403501511 0 0 0
1661997523.906126976 0 0 0
1661997523.9719388485 0 0 0
1661997524.0493857861 0 0 0
1661997524.1150903702 0 0 0
1661997524.1923961639 0.19499999999999997891 0 0
1661997524.2583107948 0.41999999999999998446 0 0
1661997524.3239450455 0.61999999999999999556 0 0
1661997524.4015514851 0.81999999999999984013 0 0
1661997524.4673712254 0.69500000000000006217 0 0
1661997524.5330207348 0.58999999999999996891 0 0
1661997524.6103997231 0.5250000000000000222 0 0
1661997524.6775841713 0.53000000000000002665 0 0
1661997524.7647054195 0.56000000000000005329 0 0
1661997524.8305976391 0.56499999999999994671 0 0
1661997524.896392107 0.56499999999999994671 0 0
1661997524.9621806145 0.56499999999999994671 0 0
1661997525.0395331383 0.56499999999999994671 0 0
1661997525.1052372456 0.56499999999999994671 0 0
1661997525.1709201336 0.56499999999999994671 0 0
1661997525.2485582829 0.56499999999999994671 0 0
1661997525.3147249222 0.57000000000000006217 0 0
1661997525.391330719 0.57000000000000006217 0 0
1661997525.4572782516 0.57000000000000006217 0 0
1661997525.5229856968 0.56499999999999994671 0 0
1661997525.6003291607 0.56499999999999994671 0 0
1661997525.6658000946 0.57000000000000006217 0 0
1661997525.7434523106 0.51500000000000001332 0 0
1661997525.8206477165 0.53000000000000002665 0 0
1661997525.8865308762 0.5250000000000000222 0 0
1661997525.9521739483 0.53000000000000002665 0 0
1661997526.0288090706 0.53000000000000002665 0 0
1661997526.1061127186 0.53000000000000002665 0 0
1661997526.1828551292 0.53000000000000002665 0 0
1661997526.2599596977 0.53000000000000002665 0 0
1661997526.3373074532 0.53000000000000002665 0 0
1661997526.4032108784 0.53000000000000002665 0 0
1661997526.4692323208 0.53000000000000002665 0 0
1661997526.5351822376 0.53000000000000002665 0 0
1661997526.6013233662 0.53000000000000002665 0 0
1661997526.6671776772 0.53000000000000002665 0 0
1661997526.7328341007 0.53000000000000002665 0 0
1661997526.8108167648 0.53000000000000002665 0 0
1661997526.8871610165 0.53000000000000002665 0 0
1661997526.96464324 0.53000000000000002665 0 0
1661997527.0304288864 0.56000000000000005329 0 0
1661997527.1072647572 0.57000000000000006217 0 0
1661997527.1735796928 0.5999999999999999778 0 0
1661997527.2389960289 0.57000000000000006217 0 0
1661997527.3163559437 0.36499999999999999112 0 0
1661997527.3819246292 0.14000000000000001332 0 0
1661997527.4593765736 0 0 0
1661997527.5249609947 0 0 0
1661997527.6023454666 0 0 0
1661997527.66807127 0 0 0
1661997527.7453505993 0 0 0
1661997527.8225455284 0 0 0
1661997527.8883991241 0 0 0
1661997527.9542961121 0 0 0
1661997528.0200705528 0 0 0
1661997528.097312212 0 0 0
1661997528.1629567146 0 0 0
1661997528.2406818867 0 0 0
1661997528.3064374924 0 0 0
1661997528.372358799 0 0 0
1661997528.4379346371 0 0 0
1661997528.5153627396 0 0 0
1661997528.5809586048 0 0 0
1661997528.6584584713 0 0 0
1661997528.7242372036 0 0 0
1661997528.7899272442 0 0 0
1661997528.8672459126 0 0 0
1661997528.9329681396 0 0 0
1661997529.0104334354 0 0 0
1661997529.0762922764 0 0 0
1661997529.1421444416 0 0 0
1661997529.2194418907 0 0 0
1661997529.2851009369 0 0 0
1661997529.3623228073 0 0 0
1661997529.4279425144 0 0 0
1661997529.5053129196 0 0 0
1661997529.5710880756 0 0 0
1661997529.6482946873 0 0 0
1661997529.71448946 0 0 0
1661997529.7799391747 0 0 0
1661997529.8572056293 0 0 0
1661997529.9232232571 0 0 0
1661997529.9894587994 0 0 0
1661997530.0552740097 0 0 0
1661997530.1326873302 0 0 0
1661997530.2091138363 0 0 0
1661997530.2866351604 0 0 0
1661997530.352200985 0 0 0
1661997530.4180572033 0 0 0
1661997530.4950408936 0 0 0
1661997530.5719208717 0 0 0
1661997530.6494219303 0 0 0
1661997530.7151930332 0 0 0
1661997530.7811732292 0 0 0
1661997530.8474075794 0 0 0
1661997530.9129805565 0 0 0
1661997530.990316391 0 0 0
1661997531.0562241077 0 0 0
1661997531.1220669746 0 0 0
1661997531.1996760368 0 0 0
1661997531.2761723995 0 0 0
1661997531.3419818878 0 0 0
1661997531.407951355 0 0 0
1661997531.4856338501 0 0 0
1661997531.5514302254 0 0 0
1661997531.617276907 0 0 0
1661997531.6832063198 0 0 0
1661997531.7606415749 0 0 0
1661997531.8264095783 0 0 0
1661997531.8919684887 0 0 0
1661997531.9693791866 0 0 0
1661997532.0353446007 0 0 0
1661997532.1010751724 0 0 0
1661997532.1785075665 0 0 0
1661997532.2439961433 0 0 0
1661997532.3212358952 0 0 0
1661997532.3871014118 0 0 0
1661997532.464486599 0 0 0
1661997532.53039217 0 0 0
1661997532.5961651802 0 0 0
1661997532.6735770702 0 0 0
1661997532.7393784523 0 0 0
1661997532.804956913 0 0 0
1661997532.8818809986 0 0 0
1661997532.9589388371 0 0 0
1661997533.0364573002 0 0 0
1661997533.1020479202 0 0 0
1661997533.1793301105 0 0 0
1661997533.245351553 0 0 0
1661997533.3114175797 0 0 0
1661997533.3774347305 0 0 0
1661997533.4432544708 0 0 0
1661997533.5094001293 0 0 0
1661997533.5753922462 0 0 0
1661997533.6411502361 0 0 0
1661997533.7186841965 0 0 0
1661997533.7844195366 0 0 0
1661997533.8500401974 0 0 0
1661997533.9272592068 0 0 0
1661997533.9930398464 0.23000000000000000999 0 0
1661997534.0701594353 0.41999999999999998446 0 0
1661997534.1476166248 0.65500000000000002665 0 0
1661997534.2134633064 0.44000000000000000222 0 0
1661997534.2792489529 0.24499999999999991229 0 0
1661997534.3566031456 0.044999999999999984457 0 0
1661997534.4226925373 0 0 0
1661997534.4880876541 0 0 0
1661997534.5656905174 0 0 0
1661997534.6317756176 0 0 0
1661997534.6974692345 0 0 0
1661997534.7632451057 0 0 0
1661997534.8404612541 0 0 0
1661997534.9062504768 0 0 0
1661997534.9837560654 0 0 0
1661997535.0494689941 0 0 0
1661997535.1148951054 0 0 0
1661997535.1815686226 0 0 0
1661997535.2474730015 0 0 0
1661997535.3132433891 0 0 0
1661997535.3903911114 0 0 0
1661997535.4563286304 0 0 0
1661997535.5224277973 0 0 0
1661997535.588111639 0 0 0
1661997535.654488802 0 0 0
1661997535.7202022076 0 0 0
1661997535.7977712154 0 0 0
1661997535.8743510246 0 0 0
1661997535.9515507221 0 0 0
1661997536.0171322823 0 0 0
1661997536.0946941376 0 0 0
1661997536.1605315208 0 0 0
1661997536.2263410091 0 0 0
1661997536.3031477928 0 0 0
1661997536.3804864883 0 0 0
1661997536.4463737011 0 0 0
1661997536.5125565529 0 0 0
1661997536.5788068771 0 0 0
1661997536.6446409225 0 0 0
1661997536.7104375362 0 0 0
1661997536.7763786316 0 0 0
1661997536.8537220955 0 0 0
1661997536.9194126129 0 0 0
1661997536.9965519905 0 0 0
1661997537.0624408722 0 0 0
1661997537.1280691624 0 0 0
1661997537.2053399086 0 0 0
1661997537.2709860802 0 0 0
1661997537.3485438824 0 0 0
1661997537.4141716957 0 0 0
1661997537.4918150902 0 0 0
1661997537.5575611591 0 0 0
1661997537.6341154575 0.19500000000000000666 0 0
1661997537.7115428448 0 0 0
1661997537.7774307728 0 0 0
1661997537.8434343338 0 0 0
1661997537.9095277786 0 0 0
1661997537.9754941463 0 0 0
1661997538.0409388542 0 0 0
1661997538.1182508469 0 0 0
1661997538.1846137047 0 0 0
1661997538.2505633831 0 0 0
1661997538.3159446716 0 0 0
1661997538.3829395771 0 0 0
1661997538.4594874382 0 0 0
1661997538.5361492634 0 0 0
1661997538.6023724079 0 0 0
1661997538.6686284542 0 0 0
1661997538.7342014313 0 0 0
1661997538.8000569344 0 0 0
1661997538.8775367737 0 0 0
1661997538.9441800117 0.070000000000000006661 0 0
1661997539.020462513 0.070000000000000006661 0 0
1661997539.0863273144 0.14000000000000001332 0 0
1661997539.1638803482 0.14000000000000001332 0 0
1661997539.2404017448 0.20999999999999999223 0 0
1661997539.3178057671 0.14000000000000001332 0 0
1661997539.3940963745 0.19000000000000000222 0 0
1661997539.4714019299 0.089999999999999982792 0 0
1661997539.5377388 0.070000000000000006661 0 0
1661997539.6035020351 0.089999999999999982792 0 0
1661997539.6691410542 0.25 0 0
1661997539.746065855 0.40999999999999997558 0 0
1661997539.8236267567 0.51000000000000000888 0 0
1661997539.889285326 0.51000000000000000888 0 0
1661997539.9667124748 0.51000000000000000888 0 0
1661997540.0325489044 0.51000000000000000888 0 0
1661997540.1119213104 0.55000000000000004441 0 0
1661997540.1863517761 0.61999999999999999556 0 0
1661997540.263453722 0.64000000000000001332 0 0
1661997540.3291785717 0.67000000000000015099 0 0
1661997540.4065287113 0.67000000000000015099 0 0
1661997540.4726161957 0.67000000000000015099 0 0
1661997540.538289547 0.67000000000000015099 0 0
1661997540.6156141758 0.70999999999999996447 0 0
1661997540.6816716194 0.76000000000000000888 0 0
1661997540.7476301193 0.76000000000000000888 0 0
1661997540.8135662079 0.73999999999999999112 0 0
1661997540.8792247772 0.80000000000000004441 0 0
1661997540.9563760757 0.80000000000000004441 0 0
1661997541.0336689949 0.8499999999999999778 0 0
1661997541.099550724 0.875 0 0
1661997541.1655194759 0.86999999999999988454 0 0
1661997541.2316055298 0.875 0 0
1661997541.2974579334 0.86999999999999999556 0 0
1661997541.3632805347 0.875 0 0
1661997541.4291582108 0.875 0 0
1661997541.5064380169 0.89500000000000001776 0 0
1661997541.5723993778 0.86999999999999999556 0 0
1661997541.6383135319 0.67000000000000015099 0 0
1661997541.7041909695 0.47999999999999998224 0 0
1661997541.7811048031 0.28000000000000002665 0 0
1661997541.8589601517 0.050000000000000002776 0 0
1661997541.9356811047 0 0 0
1661997542.001502037 0 0 0
1661997542.0672967434 0 0 0
1661997542.1444578171 0.020000000000000000416 0 0
1661997542.2100732327 0.26000000000000000888 0 0
1661997542.2878847122 0.4500000000000000111 0 0
1661997542.3534777164 0.5999999999999999778 0 0
1661997542.4193797112 0.61999999999999999556 0 0
1661997542.4964427948 0.61999999999999999556 0 0
1661997542.5620520115 0.61999999999999999556 0 0
1661997542.6395962238 0.64000000000000001332 0 0
1661997542.7059764862 0.61999999999999999556 0 0
1661997542.77151227 0.64000000000000001332 0 0
1661997542.8376188278 0.64000000000000001332 0 0
1661997542.9032232761 0.67000000000000015099 0 0
1661997542.9804360867 0.68999999999999994671 0 0
1661997543.0460860729 0.68999999999999994671 0 0
1661997543.1238870621 0.68999999999999994671 0 0
1661997543.1897439957 0.78000000000000002665 0 0
1661997543.255759716 0.8499999999999999778 0 0
1661997543.3217356205 0.86999999999999988454 0 0
1661997543.3878512383 0.83000000000000007105 0 0
1661997543.4537134171 0.63000000000000000444 0 0
1661997543.519220829 0.42999999999999999334 0 0
1661997543.5968976021 0.23000000000000000999 0 0
1661997543.662058115 0 0 0
1661997543.7282719612 0 0 0
1661997543.7944591045 0 0 0
1661997543.8719108105 0 0 0
1661997543.9375119209 0 0 0
1661997544.0032937527 0 0 0
1661997544.0805747509 0 0 0
1661997544.146545887 0 0 0
1661997544.2123508453 0 0 0
1661997544.2782762051 0 0 0
1661997544.3549842834 0 0 0
1661997544.4214298725 0 0 0
1661997544.4871201515 0 0 0
1661997544.5645108223 0 0 0
1661997544.6302313805 0 0 0
1661997544.7078990936 0 0 0
1661997544.7736871243 0 0 0
1661997544.83953619 0 0 0
1661997544.9052927494 0 0 0
1661997544.9828107357 0 0 0
1661997545.0484223366 0 0 0
1661997545.1146419048 0 0 0
1661997545.1803805828 0 0 0
1661997545.2460386753 0 0 0
1661997545.3230073452 0 0 0
1661997545.4004406929 0 0 0
1661997545.4661726952 0 0 0
1661997545.5439586639 0 0 0
1661997545.6200819016 0 0 0
1661997545.6863391399 0 0 0
1661997545.7636637688 0 0 0
1661997545.8295776844 0 0 0
1661997545.8954102993 0 0 0
1661997545.9725952148 0 0 0
1661997546.0384464264 0 0 0
1661997546.1049103737 0 0 0
1661997546.1810717583 0 0 0
1661997546.2584769726 0 0 0
1661997546.3241832256 0 0 0
1661997546.4019298553 0 0 0
1661997546.478767395 0 0 0
1661997546.54469347 0 0 0
1661997546.6103160381 0 0 0
1661997546.6875886917 0 0 0
1661997546.7641012669 0 0 0
1661997546.8414087296 0 0 0
1661997546.9186747074 0 0 0
1661997546.9955031872 0 0 0
1661997547.0611317158 0 0 0
1661997547.1496231556 0 0 0
1661997547.2154126167 0 0 0
1661997547.281298399 0 0 0
1661997547.3586580753 0 0 0
1661997547.4250290394 0 0 0
1661997547.5011739731 0 0 0
1661997547.5788667202 0 0 0
1661997547.6444993019 0 0 0
1661997547.7110209465 0 0 0
1661997547.7874729633 0 0 0
1661997547.8648452759 0 0 0
1661997547.9306180477 0 0 0
1661997547.996604681 0 0 0
1661997548.0737740993 0 0 0
1661997548.1395192146 0 0 0
1661997548.2166078091 0 0 0
1661997548.2828629017 0 0 0
1661997548.3484499454 0 0 0
1661997548.4144277573 0 0 0
1661997548.4916632175 0 0 0
1661997548.5571269989 0 0 0
1661997548.6347725391 0 0 0
1661997548.7009282112 0 0 0
1661997548.7666730881 0 0 0
1661997548.843981266 0 0 0
1661997548.9204649925 0 0 0
1661997548.9980633259 0 0 0
1661997549.0748157501 0 0 0
1661997549.1404626369 0 0 0
1661997549.2177751064 0 0 0
1661997549.2840104103 0 0 0
1661997549.3609681129 0 0 0
1661997549.4380762577 0 0 0
1661997549.514436245 0 0 0
1661997549.591230154 0 0 0
1661997549.6575348377 0 0 0
1661997549.7231557369 0 0 0
1661997549.8009128571 0 0 0
1661997549.867041111 0 0 0
1661997549.9546432495 0 0 0
1661997550.0205726624 0 0 0
1661997550.0870096684 0 0 0
1661997550.163279295 0 0 0
1661997550.2406949997 0 0 0
1661997550.3068294525 0 0 0
1661997550.3727107048 0 0 0
1661997550.4387950897 0 0 0
1661997550.5044424534 0 0 0
1661997550.5817790031 0 0 0
1661997550.6474106312 0 0 0
1661997550.7138390541 0 0 0
1661997550.7795977592 0 0 0
1661997550.8451313972 0 0 0
1661997550.9117312431 0 0 0
1661997550.9778282642 0 0 0
1661997551.0435171127 0 0 0
1661997551.1094083786 0 0 0
1661997551.1970865726 0 0 0
1661997551.2745742798 0 0 0
1661997551.3518199921 0 0 0
1661997551.4282474518 0 0 0
1661997551.5055389404 0 0 0
1661997551.5713949203 0 0 0
1661997551.637367487 0 0 0
1661997551.7145419121 0 0 0
1661997551.7910375595 0 0 0
1661997551.868304491 0 0 0
1661997551.945291996 0 0 0
1661997552.022922039 0 0 0
1661997552.0887687206 0 0 0
1661997552.1656205654 0 0 0
1661997552.2426502705 0 0 0
1661997552.3090381622 0 0 0
1661997552.3741912842 0 0 0
1661997552.4516611099 0 0 0
1661997552.5174365044 0 0 0
1661997552.5951349735 0 0 0
1661997552.6713383198 0 0 0
1661997552.7488632202 0 0 0
1661997552.8147449493 0 0 0
1661997552.8810677528 0 0 0
1661997552.9467821121 0 0 0
1661997553.0127909184 0 0 0
1661997553.0789990425 0 0 0
1661997553.1447796822 0 0 0
1661997553.2105240822 0 0 0
1661997553.2763867378 0 0 0
1661997553.3423817158 0 0 0
1661997553.4200251102 0 0 0
1661997553.4856922626 0 0 0
1661997553.5514845848 0 0 0
1661997553.6171848774 0 0 0
1661997553.6942248344 0 0 0
1661997553.7716679573 0 0 0
1661997553.8373777866 0 0 0
1661997553.9144961834 0 0 0
1661997553.9917798042 0 0 0
1661997554.0578198433 0 0 0
1661997554.1239597797 0 0 0
1661997554.1891391277 0 0 0
1661997554.2556569576 0 0 0
1661997554.3326675892 0 0 0
1661997554.3981873989 0 0 0
1661997554.4755930901 0 0 0
1661997554.5416910648 0 0 0
1661997554.607145071 0 0 0
1661997554.6845321655 0 0 0
1661997554.7502400875 0 0 0
1661997554.8280453682 0 0 0
1661997554.8938679695 0 0 0
1661997554.9703044891 0 0 0
1661997555.0473604202 0 0 0
1661997555.1244676113 0 0 0
1661997555.2020301819 0 0 0
1661997555.2681000233 0 0 0
1661997555.3444857597 0 0 0
1661997555.4220178127 0 0 0
1661997555.487814188 0 0 0
1661997555.5535547733 0 0 0
1661997555.6306500435 0 0 0
1661997555.6967301369 0 0 0
1661997555.7739453316 0 0 0
1661997555.8392891884 0 0 0
1661997555.9167041779 0 0 0
1661997555.9941442013 0 0 0
1661997556.0600731373 0 0 0
1661997556.1257762909 0 0 0
1661997556.1915473938 0 0 0
1661997556.2572221756 0 0 0
1661997556.3349218369 0 0 0
1661997556.400398016 0 0 0
1661997556.4775760174 0 0 0
1661997556.5434134007 0 0 0
1661997556.6094594002 0 0 0
1661997556.6869277954 0 0 0
1661997556.7526776791 0 0 0
1661997556.8184421062 0 0 0
1661997556.8960058689 0 0 0
1661997556.9617402554 0 0 0
1661997557.0389418602 0 0 0
1661997557.1045689583 0 0 0
1661997557.1711189747 0 0 0
1661997557.2369351387 0 0 0
1661997557.3025567532 0 0 0
1661997557.3681378365 0 0 0
1661997557.4459056854 0 0 0
1661997557.5229277611 0 0 0
1661997557.599493742 0 0 0
1661997557.6681365967 0 0 0
1661997557.7537550926 0 0 0
1661997557.8197441101 0 0 0
1661997557.8853173256 0 0 0
1661997557.9622731209 0 0 0
1661997558.0285081863 0 0 0
1661997558.1055738926 0 0 0
1661997558.1717262268 0 0 0
1661997558.2375853062 0 0 0
1661997558.3033137321 0 0 0
1661997558.380761385 0 0 0
1661997558.4464426041 0 0 0
1661997558.5238749981 0 0 0
1661997558.6008422375 0 0 0
1661997558.6665861607 0 0 0
1661997558.7434940338 0 0 0
1661997558.8093698025 0 0 0
1661997558.8869042397 0 0 0
1661997558.9525563717 0 0 0
1661997559.0182254314 0 0 0
1661997559.0954766273 0 0 0
1661997559.1615386009 0 0 0
1661997559.2387185097 0 0 0
1661997559.3160247803 0 0 0
1661997559.3816800117 0 0 0
1661997559.4474945068 0 0 0
1661997559.5246405602 0 0 0
1661997559.6020462513 0 0 0
1661997559.679120779 0 0 0
1661997559.7554936409 0 0 0
1661997559.8322169781 0 0 0
1661997559.9094350338 0 0 0
1661997559.9755730629 0 0 0
1661997560.0528855324 0 0 0
1661997560.1186153889 0 0 0
1661997560.1958129406 0 0 0
1661997560.2729091644 0 0 0
1661997560.3386075497 0 0 0
1661997560.4042527676 0 0 0
1661997560.4821662903 0 0 0
1661997560.5586154461 0 0 0
1661997560.6357359886 0 0 0
1661997560.7014017105 0 0 0
1661997560.7785379887 0 0 0
1661997560.8556323051 0 0 0
1661997560.9329459667 0 0 0
1661997560.9985280037 0 0 0
1661997561.075674057 0 0 0
1661997561.1412940025 0 0 0
1661997561.2186808586 0 0 0
1661997561.2845015526 0 0 0
1661997561.3617503643 0 0 0
1661997561.4276781082 0 0 0
1661997561.4934663773 0 0 0
1661997561.5709338188 0 0 0
1661997561.6361813545 0 0 0
1661997561.713296175 0 0 0
1661997561.7906987667 0 0 0
1661997561.8565247059 0 0 0
1661997561.9339373112 0 0 0
1661997561.9996645451 0 0 0
1661997562.0659034252 0 0 0
1661997562.1317975521 0 0 0
1661997562.1981832981 0 0 0
1661997562.2744541168 0 0 0
1661997562.3513748646 0 0 0
1661997562.4284901619 0 0 0
1661997562.5056724548 0 0 0
1661997562.5823223591 0 0 0
1661997562.6594920158 0 0 0
1661997562.7369251251 0 0 0
1661997562.8025622368 0 0 0
1661997562.8793809414 0 0 0
1661997562.9568564892 0 0 0
1661997563.0228059292 0 0 0
1661997563.0882384777 0 0 0
1661997563.1655442715 0 0 0
1661997563.2311971188 0 0 0
1661997563.308842659 0 0 0
1661997563.3752584457 0 0 0
1661997563.4408175945 0 0 0
1661997563.5065758228 0 0 0
1661997563.5724754333 0 0 0
1661997563.6383194923 0 0 0
1661997563.7157979012 0 0 0
1661997563.7814929485 0 0 0
1661997563.858805418 0 0 0
1661997563.9360318184 0 0 0
