1661115118.0342018604 0 0 0
1661115118.0998208523 0 0 0
1661115118.1766960621 0 0 0
1661115118.2541856766 0 0 0
1661115118.3200500011 0 0 0
1661115118.3857457638 0 0 0
1661115118.4630525112 0 0 0
1661115118.5286426544 0.22500000000000000555 0 0
1661115118.6057362556 0.42000000000000009548 0 0
1661115118.6830470562 0.65500000000000002665 0 0
1661115118.7603244781 0.7750000000000000222 0 0
1661115118.8260614872 0.79499999999999992895 0 0
1661115118.8918988705 0.78499999999999992006 0 0
1661115118.9691185951 0.78000000000000002665 0 0
1661115119.035564661 0.91500000000000003553 0 0
1661115119.1118695736 1 0 0
1661115119.189265728 1 0 0
1661115119.2551035881 1 0 0
1661115119.3206660748 1 0 0
1661115119.3986365795 1 0 0
1661115119.474780798 0.80000000000000004441 0 0
1661115119.5523197651 0.66500000000000003553 0 0
1661115119.617975235 0.60999999999999998668 0 0
1661115119.6838407516 0.60999999999999998668 0 0
1661115119.7610216141 0.60999999999999998668 0 0
1661115119.8268835545 0.58999999999999996891 0 0
1661115119.9044046402 0.58999999999999996891 0 0
1661115119.9702334404 0.63500000000000000888 0 0
1661115120.0355584621 0.73499999999999998668 0 0
1661115120.1022365093 0.86999999999999999556 0 0
1661115120.1676938534 0.93499999999999994227 0 0
1661115120.2449743748 0.78000000000000002665 0 0
1661115120.322357893 0.65500000000000002665 0 0
1661115120.3882715702 0.57000000000000006217 0 0
1661115120.45403409 0.57000000000000006217 0 0
1661115120.5198655128 0.57000000000000006217 0 0
1661115120.597104311 0.57000000000000006217 0 0
1661115120.6627538204 0.57000000000000006217 0 0
1661115120.7399325371 0.57000000000000006217 0 0
1661115120.8174903393 0.57000000000000006217 0 0
1661115120.8831608295 0.66500000000000003553 0 0
1661115120.9489636421 0.7750000000000000222 0 0
1661115121.0263259411 0.92500000000000004441 0 0
1661115121.0920984745 0.8499999999999999778 0 0
1661115121.1579527855 0.71999999999999997335 0 0
1661115121.2349507809 0.66000000000000003109 0 0
1661115121.3007414341 0.64000000000000001332 0 0
1661115121.3666796684 0.61999999999999999556 0 0
1661115121.4443030357 0.61499999999999999112 0 0
1661115121.5101048946 0.60499999999999998224 0 0
1661115121.5756320953 0.60999999999999998668 0 0
1661115121.6529362202 0.60499999999999998224 0 0
1661115121.730203867 0.64000000000000001332 0 0
1661115121.7962594032 0.76000000000000000888 0 0
1661115121.8620166779 0.90500000000000002665 0 0
1661115121.9279620647 0.9000000000000000222 0 0
1661115122.0051689148 0.74499999999999999556 0 0
1661115122.0710492134 0.61999999999999999556 0 0
1661115122.1482076645 0.55500000000000004885 0 0
1661115122.2139043808 0.55500000000000004885 0 0
1661115122.2912642956 0.55500000000000004885 0 0
1661115122.3569033146 0.56000000000000005329 0 0
1661115122.4339914322 0.56000000000000005329 0 0
1661115122.4999418259 0.56000000000000005329 0 0
1661115122.5771493912 0.55500000000000004885 0 0
1661115122.643682003 0.48999999999999999112 0 0
1661115122.719830513 0.41000000000000003109 0 0
1661115122.7972993851 0.28000000000000002665 0 0
1661115122.8629763126 0.07499999999999990008 0 0
1661115122.9403398037 0.030000000000000026645 0 0
1661115123.0060455799 0 0 0
1661115123.0719144344 0 0 0
1661115123.1379675865 0 0 0
1661115123.2151150703 0 0 0
1661115123.2811100483 0 0 0
1661115123.3581335545 0.19999999999999998335 0 0
1661115123.4239196777 0.41999999999999998446 0 0
1661115123.5011188984 0.32000000000000000666 0 0
1661115123.5669779778 0.32000000000000000666 0 0
1661115123.6328363419 0.32499999999999995559 0 0
1661115123.7102780342 0.3250000000000000111 0 0
1661115123.7761590481 0.30499999999999999334 0 0
1661115123.8417363167 0.30499999999999999334 0 0
1661115123.9190616608 0.375 0 0
1661115123.9848234653 0.48999999999999999112 0 0
1661115124.0622839928 0.64000000000000001332 0 0
1661115124.1280143261 0.81000000000000005329 0 0
1661115124.2051634789 0.75 0 0
1661115124.2823779583 0.63000000000000000444 0 0
1661115124.3479802608 0.57000000000000006217 0 0
1661115124.4251167774 0.57000000000000006217 0 0
1661115124.5023903847 0.57000000000000006217 0 0
1661115124.5684113503 0.57000000000000006217 0 0
1661115124.6340706348 0.57000000000000006217 0 0
1661115124.7000541687 0.57000000000000006217 0 0
1661115124.7659890652 0.57000000000000006217 0 0
1661115124.8432278633 0.57000000000000006217 0 0
1661115124.9091613293 0.65500000000000002665 0 0
1661115124.9747271538 0.7750000000000000222 0 0
1661115125.041182518 0.92500000000000004441 0 0
1661115125.1068816185 0.88000000000000000444 0 0
1661115125.1844148636 0.79499999999999992895 0 0
1661115125.2499637604 0.83000000000000007105 0 0
1661115125.326993227 1 0 0
1661115125.4045696259 0.99499999999999999556 0 0
1661115125.4704167843 0.80000000000000004441 0 0
1661115125.5361208916 0.67999999999999993783 0 0
1661115125.6018748283 0.65500000000000002665 0 0
1661115125.6788728237 0.65500000000000002665 0 0
1661115125.7559940815 0.76500000000000001332 0 0
1661115125.8218860626 0.89000000000000001332 0 0
1661115125.8991825581 0.92500000000000004441 0 0
1661115125.9648258686 0.94500000000000006217 0 0
1661115126.0420334339 0.97999999999999998224 0 0
1661115126.119194746 1 0 0
1661115126.184984684 1 0 0
1661115126.2507352829 1 0 0
1661115126.3279941082 1 0 0
1661115126.4057080746 1 0 0
1661115126.4819762707 1 0 0
1661115126.5594024658 1 0 0
1661115126.6249313354 1 0 0
1661115126.7021152973 1 0 0
1661115126.7679364681 1 0 0
1661115126.8450803757 1 0 0
1661115126.9223368168 1 0 0
1661115126.9880886078 1 0 0
1661115127.0652153492 0.91500000000000003553 0 0
1661115127.1306819916 0.74499999999999999556 0 0
1661115127.2078933716 0.64000000000000001332 0 0
1661115127.2851746082 0.63500000000000000888 0 0
1661115127.3507533073 0.68500000000000005329 0 0
1661115127.4281036854 0.70999999999999996447 0 0
1661115127.5056433678 0.70499999999999996003 0 0
1661115127.5820524693 0.70499999999999996003 0 0
1661115127.6594820023 0.76000000000000000888 0 0
1661115127.7250730991 0.93999999999999994671 0 0
1661115127.7906448841 1 0 0
1661115127.8686769009 1 0 0
1661115127.9448392391 1 0 0
1661115128.0222239494 1 0 0
1661115128.0993726254 1 0 0
1661115128.1648089886 1 0 0
1661115128.2422280312 1 0 0
1661115128.3081018925 1 0 0
1661115128.3741288185 1 0 0
1661115128.4398491383 0.98499999999999998668 0 0
1661115128.5171532631 0.875 0 0
1661115128.5828866959 0.71999999999999997335 0 0
1661115128.6604552269 0.80000000000000004441 0 0
1661115128.7261960506 0.56499999999999994671 0 0
1661115128.7924008369 0.36999999999999999556 0 0
1661115128.8580305576 0.17999999999999999334 0 0
1661115128.9351656437 0 0 0
1661115129.000852108 0 0 0
1661115129.0780348778 0 0 0
1661115129.1551380157 0 0 0
1661115129.2324063778 0 0 0
1661115129.2979910374 0 0 0
1661115129.3754103184 0 0 0
1661115129.4410862923 0 0 0
1661115129.5182783604 0 0 0
1661115129.5840461254 0 0 0
1661115129.6614291668 0 0 0
1661115129.7270972729 0 0 0
1661115129.8041508198 0 0 0
1661115129.8814704418 0 0 0
1661115129.9471485615 0 0 0
1661115130.0131115913 0 0 0
1661115130.0904886723 0 0 0
1661115130.1561942101 0 0 0
1661115130.2219088078 0 0 0
1661115130.2993295193 0 0 0
1661115130.3651754856 0 0 0
1661115130.4317593575 0 0 0
1661115130.4972374439 0 0 0
1661115130.5628769398 0 0 0
1661115130.6404721737 0 0 0
1661115130.706403017 0 0 0
1661115130.7723152637 0 0 0
1661115130.8380479813 0.010000000000000064393 0 0
1661115130.903854847 0.010000000000000064393 0 0
1661115130.9810733795 0.010000000000000064393 0 0
1661115131.0584387779 0.07499999999999990008 0 0
1661115131.1241936684 0.30500000000000004885 0 0
1661115131.1898627281 0.49999999999999994449 0 0
1661115131.2671298981 0.69500000000000006217 0 0
1661115131.3443095684 0.88000000000000000444 0 0
1661115131.4099640846 0.85999999999999987566 0 0
1661115131.4872713089 0.88000000000000000444 0 0
1661115131.5528974533 1 0 0
1661115131.6301307678 0.9000000000000000222 0 0
1661115131.6959748268 0.79499999999999992895 0 0
1661115131.7731103897 0.77000000000000001776 0 0
1661115131.8389472961 0.75500000000000000444 0 0
1661115131.9162473679 0.75500000000000000444 0 0
1661115131.9819729328 0.75500000000000000444 0 0
1661115132.0590512753 0.75500000000000000444 0 0
1661115132.1362364292 0.75500000000000000444 0 0
1661115132.2135286331 0.7750000000000000222 0 0
1661115132.2790191174 0.85999999999999987566 0 0
1661115132.3561325073 0.86999999999999999556 0 0
1661115132.4219884872 0.89000000000000001332 0 0
1661115132.4992935658 0.88000000000000000444 0 0
1661115132.5765528679 0.89000000000000001332 0 0
1661115132.6424322128 0.86999999999999999556 0 0
1661115132.7083723545 0.81000000000000005329 0 0
1661115132.7738759518 0.74499999999999999556 0 0
1661115132.8510315418 0.68999999999999994671 0 0
1661115132.9281907082 0.67000000000000003997 0 0
1661115133.0054578781 0.67000000000000003997 0 0
1661115133.071158886 0.80000000000000004441 0 0
1661115133.1485314369 0.96500000000000007994 0 0
1661115133.2142617702 1 0 0
1661115133.2798399925 0.91500000000000003553 0 0
1661115133.3572516441 0.875 0 0
1661115133.4346425533 0.875 0 0
1661115133.5003118515 1 0 0
1661115133.5661435127 1 0 0
1661115133.6433231831 1 0 0
1661115133.7090678215 1 0 0
1661115133.7863175869 1 0 0
1661115133.8519713879 1 0 0
1661115133.9291250706 1 0 0
1661115133.9948949814 0.80000000000000004441 0 0
1661115134.0723378658 0.68500000000000005329 0 0
1661115134.1378643513 0.61499999999999999112 0 0
1661115134.2151966095 0.60999999999999998668 0 0
1661115134.2808563709 0.60999999999999998668 0 0
1661115134.3585095406 0.60999999999999998668 0 0
1661115134.4242913723 0.60999999999999998668 0 0
1661115134.4898998737 0.60999999999999998668 0 0
1661115134.5674064159 0.61499999999999999112 0 0
1661115134.6331863403 0.7249999999999999778 0 0
1661115134.7104337215 0.85999999999999987566 0 0
1661115134.7759985924 0.91500000000000003553 0 0
1661115134.8535006046 0.77000000000000001776 0 0
1661115134.9191446304 0.64000000000000001332 0 0
1661115134.9964475632 0.57000000000000006217 0 0
1661115135.0620901585 0.57000000000000006217 0 0
1661115135.1393792629 0.57000000000000006217 0 0
1661115135.2052464485 0.57000000000000006217 0 0
1661115135.2710711956 0.57000000000000006217 0 0
1661115135.3483638763 0.59499999999999997335 0 0
1661115135.4140825272 0.69500000000000006217 0 0
1661115135.4912486076 0.81000000000000005329 0 0
1661115135.5568828583 0.91999999999999992895 0 0
1661115135.6340818405 0.71999999999999997335 0 0
1661115135.7005856037 0.57999999999999996003 0 0
1661115135.7665371895 0.48999999999999999112 0 0
1661115135.8321764469 0.48499999999999998668 0 0
1661115135.9091460705 0.5250000000000000222 0 0
1661115135.9748413563 0.57000000000000006217 0 0
1661115136.0520451069 0.5999999999999999778 0 0
1661115136.1290931702 0.64000000000000001332 0 0
1661115136.2067718506 0.65500000000000002665 0 0
1661115136.283103466 0.66000000000000003109 0 0
1661115136.3603098392 0.66000000000000003109 0 0
1661115136.4373893738 0.67000000000000003997 0 0
1661115136.50299263 0.67500000000000004441 0 0
1661115136.5803217888 0.67500000000000004441 0 0
1661115136.6467759609 0.67999999999999993783 0 0
1661115136.7122888565 0.75500000000000000444 0 0
1661115136.7782011032 0.89500000000000001776 0 0
1661115136.8555727005 1 0 0
1661115136.9213302135 0.90999999999999992006 0 0
1661115136.9870598316 0.91500000000000003553 0 0
1661115137.0531747341 0.91500000000000003553 0 0
1661115137.1189305782 0.91500000000000003553 0 0
1661115137.1961700916 0.91500000000000003553 0 0
1661115137.273537159 0.91500000000000003553 0 0
1661115137.3392837048 0.91500000000000003553 0 0
1661115137.405144453 0.8350000000000000755 0 0
1661115137.4709603786 0.73999999999999999112 0 0
1661115137.54844594 0.71999999999999997335 0 0
1661115137.6139204502 0.71999999999999997335 0 0
1661115137.6912069321 0.71999999999999997335 0 0
1661115137.7684760094 0.71999999999999997335 0 0
1661115137.834331274 0.81000000000000005329 0 0
1661115137.9002547264 0.97499999999999986677 0 0
1661115137.9660289288 0.89000000000000001332 0 0
1661115138.0431697369 0.81499999999999994671 0 0
1661115138.1090166569 0.76500000000000001332 0 0
1661115138.1863355637 0.76000000000000000888 0 0
1661115138.2522878647 0.7249999999999999778 0 0
1661115138.3188126087 0.67999999999999993783 0 0
1661115138.3949935436 0.66500000000000003553 0 0
1661115138.4724218845 0.65500000000000002665 0 0
1661115138.5379383564 0.65500000000000002665 0 0
1661115138.6151764393 0.60999999999999998668 0 0
1661115138.6925032139 0.57000000000000006217 0 0
1661115138.758440733 0.5 0 0
1661115138.824244976 0.43499999999999999778 0 0
1661115138.9014556408 0.33499999999999996447 0 0
1661115138.9670405388 0.14500000000000001776 0 0
1661115139.044472456 0 0 0
1661115139.1102764606 0 0 0
1661115139.1874654293 0 0 0
1661115139.2532804012 0 0 0
1661115139.3190357685 0 0 0
1661115139.3966243267 0 0 0
1661115139.4624521732 0 0 0
1661115139.52830863 0 0 0
1661115139.5940833092 0 0 0
1661115139.6714098454 0 0 0
1661115139.7369713783 0 0 0
1661115139.8142254353 0 0 0
1661115139.8914308548 0 0 0
1661115139.9574472904 0 0 0
1661115140.0231537819 0 0 0
1661115140.1007077694 0 0 0
1661115140.1772871017 0 0 0
1661115140.2428812981 0 0 0
1661115140.3200330734 0 0 0
1661115140.3979768753 0 0 0
1661115140.4745745659 0 0 0
1661115140.5403542519 0 0 0
1661115140.6174936295 0 0 0
1661115140.6833417416 0 0 0
1661115140.749216795 0 0 0
1661115140.8261699677 0 0 0
1661115140.903570652 0 0 0
1661115140.9691519737 0 0 0
1661115141.0465941429 0 0 0
1661115141.1122121811 0 0 0
1661115141.1893377304 0.05500000000000004885 0 0
1661115141.2664325237 0.28500000000000003109 0 0
1661115141.3319776058 0.51000000000000000888 0 0
1661115141.4093053341 0.70999999999999996447 0 0
1661115141.4866514206 0.93999999999999994671 0 0
1661115141.5521156788 0.8350000000000000755 0 0
1661115141.6292636395 0.83000000000000007105 0 0
1661115141.7066648006 0.74499999999999999556 0 0
1661115141.7833454609 0.65500000000000002665 0 0
1661115141.8490798473 0.5999999999999999778 0 0
1661115141.9261949062 0.58499999999999996447 0 0
1661115142.0036389828 0.53000000000000002665 0 0
1661115142.0693740845 0.46499999999999996891 0 0
1661115142.1464242935 0.36999999999999999556 0 0
1661115142.2125592232 0.21499999999999996891 0 0
1661115142.2781155109 0.020000000000000073275 0 0
1661115142.3552696705 0.21500000000000005218 0 0
1661115142.4324064255 0.44000000000000000222 0 0
1661115142.4979162216 0.67499999999999993339 0 0
1661115142.575016737 0.8350000000000000755 0 0
1661115142.6521790028 0.70499999999999996003 0 0
1661115142.7294287682 0.5999999999999999778 0 0
1661115142.7951517105 0.56499999999999994671 0 0
1661115142.8725457191 0.57000000000000006217 0 0
1661115142.9381067753 0.53000000000000002665 0 0
1661115143.0152893066 0.46999999999999997335 0 0
1661115143.0927159786 0.54000000000000003553 0 0
1661115143.1580600739 0.66500000000000003553 0 0
1661115143.2351732254 0.7750000000000000222 0 0
1661115143.3125457764 0.95500000000000007105 0 0
1661115143.3893966675 0.82499999999999995559 0 0
1661115143.4551763535 0.70499999999999996003 0 0
1661115143.5325553417 0.57499999999999995559 0 0
1661115143.5982027054 0.4749999999999999778 0 0
1661115143.6640927792 0.45999999999999996447 0 0
1661115143.7412900925 0.38000000000000000444 0 0
1661115143.8073685169 0.375 0 0
1661115143.8732731342 0.38500000000000000888 0 0
1661115143.9505887032 0.41000000000000003109 0 0
1661115144.0162665844 0.49499999999999999556 0 0
1661115144.0934736729 0.63500000000000000888 0 0
1661115144.1591176987 0.76500000000000001332 0 0
1661115144.2364346981 0.92500000000000004441 0 0
1661115144.3134822845 0.85499999999999998224 0 0
1661115144.3908989429 0.69999999999999995559 0 0
1661115144.4565014839 0.59499999999999997335 0 0
1661115144.5336205959 0.56000000000000005329 0 0
1661115144.5991466045 0.53000000000000002665 0 0
1661115144.6764600277 0.53000000000000002665 0 0
1661115144.7421820164 0.53000000000000002665 0 0
1661115144.8194496632 0.53000000000000002665 0 0
1661115144.896515131 0.53000000000000002665 0 0
1661115144.9622485638 0.57000000000000006217 0 0
1661115145.0393865108 0.60499999999999998224 0 0
1661115145.1165921688 0.71499999999999996891 0 0
1661115145.1827139854 0.86499999999999999112 0 0
1661115145.2483980656 1 0 0
1661115145.3139503002 0.82499999999999995559 0 0
1661115145.3912930489 0.69999999999999995559 0 0
1661115145.4571354389 0.55499999999999993783 0 0
1661115145.5344641209 0.46999999999999997335 0 0
1661115145.5999791622 0.35999999999999998668 0 0
1661115145.6773357391 0.2249999999999999778 0 0
1661115145.7544426918 0.2750000000000000222 0 0
1661115145.8315243721 0.50500000000000000444 0 0
1661115145.8972730637 0.73999999999999999112 0 0
1661115145.9747509956 0.93500000000000005329 0 0
1661115146.0403132439 0.82499999999999995559 0 0
1661115146.1172449589 0.70499999999999996003 0 0
1661115146.1945366859 0.5999999999999999778 0 0
1661115146.2601788044 0.57000000000000006217 0 0
1661115146.337590456 0.60499999999999998224 0 0
1661115146.4034833908 0.70999999999999996447 0 0
1661115146.469278574 0.83499999999999996447 0 0
1661115146.5351626873 1 0 0
1661115146.6124613285 1 0 0
1661115146.6782104969 1 0 0
1661115146.755202055 1 0 0
1661115146.8327152729 0.99499999999999999556 0 0
1661115146.8983876705 1 0 0
1661115146.9640109539 0.88000000000000000444 0 0
1661115147.0410871506 0.83000000000000007105 0 0
1661115147.1181566715 0.7750000000000000222 0 0
1661115147.1949427128 0.7750000000000000222 0 0
1661115147.2720339298 0.7750000000000000222 0 0
1661115147.3494164944 0.77000000000000001776 0 0
1661115147.4264962673 0.69500000000000006217 0 0
1661115147.5032155514 0.69500000000000006217 0 0
1661115147.5802657604 0.73999999999999999112 0 0
1661115147.6575989723 0.8350000000000000755 0 0
1661115147.7343165874 0.91500000000000003553 0 0
1661115147.8001124859 0.92999999999999993783 0 0
1661115147.8772304058 0.93999999999999994671 0 0
1661115147.9544131756 0.93999999999999994671 0 0
1661115148.031478405 0.93999999999999994671 0 0
1661115148.1084330082 0.91500000000000003553 0 0
1661115148.1740846634 0.91500000000000003553 0 0
1661115148.2514839172 0.91500000000000003553 0 0
1661115148.3171520233 0.90999999999999992006 0 0
1661115148.3940389156 0.91500000000000003553 0 0
1661115148.4714236259 0.91500000000000003553 0 0
1661115148.5486578941 0.91500000000000003553 0 0
1661115148.6142904758 0.90999999999999992006 0 0
1661115148.6914668083 0.80000000000000004441 0 0
1661115148.768740654 0.67000000000000003997 0 0
1661115148.8344726562 0.50500000000000000444 0 0
1661115148.9004173279 0.42999999999999999334 0 0
1661115148.9662678242 0.33499999999999996447 0 0
1661115149.0321145058 0.17999999999999999334 0 0
1661115149.1092681885 -0.025000000000000077716 0 0
1661115149.1863832474 -0.25500000000000000444 0 0
1661115149.2521593571 -0.39500000000000001776 0 0
1661115149.3292284012 -0.45500000000000001554 0 0
1661115149.4067399502 -0.46499999999999996891 0 0
1661115149.472205162 -0.46499999999999996891 0 0
1661115149.5494964123 -0.46499999999999996891 0 0
1661115149.6153693199 -0.45500000000000001554 0 0
1661115149.6928610802 -0.44000000000000000222 0 0
1661115149.7585687637 -0.39500000000000001776 0 0
1661115149.8242745399 -0.28000000000000002665 0 0
1661115149.9015417099 -0.090000000000000024425 0 0
1661115149.9674267769 0 0 0
1661115150.033331871 0 0 0
1661115150.1104836464 0 0 0
1661115150.1877384186 0.12499999999999994449 0 0
1661115150.2536432743 0.12499999999999994449 0 0
1661115150.3192417622 0.094999999999999973355 0 0
1661115150.3967394829 0.07499999999999990008 0 0
1661115150.4624605179 0.07499999999999990008 0 0
1661115150.52821064 0.07499999999999990008 0 0
1661115150.605407238 0.094999999999999973355 0 0
1661115150.6827216148 0.30999999999999999778 0 0
1661115150.7484047413 0.45500000000000001554 0 0
1661115150.8255057335 0.54500000000000003997 0 0
1661115150.8913321495 0.67500000000000004441 0 0
1661115150.9687860012 0.78499999999999992006 0 0
1661115151.034607172 0.95999999999999996447 0 0
1661115151.1004667282 1 0 0
1661115151.166287899 0.99499999999999999556 0 0
1661115151.2435848713 0.99499999999999999556 0 0
1661115151.3092815876 1 0 0
1661115151.3866183758 1 0 0
1661115151.4523794651 0.99499999999999999556 0 0
1661115151.5295815468 0.96999999999999997335 0 0
1661115151.5949943066 0.9000000000000000222 0 0
1661115151.6617593765 0.89000000000000001332 0 0
1661115151.7274904251 0.8499999999999999778 0 0
1661115151.8044030666 0.72999999999999998224 0 0
1661115151.881051302 0.63500000000000000888 0 0
1661115151.9583392143 0.58499999999999996447 0 0
1661115152.0354003906 0.57000000000000006217 0 0
1661115152.1012105942 0.57000000000000006217 0 0
1661115152.1785497665 0.57000000000000006217 0 0
1661115152.2440888882 0.66500000000000003553 0 0
1661115152.3214399815 0.77000000000000001776 0 0
1661115152.3989007473 0.95500000000000007105 0 0
1661115152.4644317627 1 0 0
1661115152.5418982506 1 0 0
1661115152.6079256535 0.92999999999999993783 0 0
1661115152.6738474369 0.9000000000000000222 0 0
1661115152.7397966385 0.89000000000000001332 0 0
1661115152.8055870533 0.89000000000000001332 0 0
1661115152.8826606274 1 0 0
1661115152.948346138 1 0 0
1661115153.0254089832 1 0 0
1661115153.1026785374 1 0 0
1661115153.1685676575 0.99499999999999999556 0 0
1661115153.2344720364 0.99499999999999999556 0 0
1661115153.3005852699 0.99499999999999999556 0 0
1661115153.3664138317 0.99499999999999999556 0 0
1661115153.4327709675 0.92999999999999993783 0 0
1661115153.5092229843 0.85999999999999987566 0 0
1661115153.5866808891 0.76000000000000000888 0 0
1661115153.6527192593 0.7249999999999999778 0 0
1661115153.7184150219 0.71999999999999997335 0 0
1661115153.7958440781 0.71999999999999997335 0 0
1661115153.8614706993 0.71999999999999997335 0 0
1661115153.9277336597 0.71999999999999997335 0 0
1661115153.9933793545 0.71999999999999997335 0 0
1661115154.059278965 0.73999999999999999112 0 0
1661115154.1360695362 0.86499999999999999112 0 0
1661115154.2136092186 1 0 0
1661115154.2795255184 1 0 0
1661115154.3457460403 1 0 0
1661115154.4230024815 1 0 0
1661115154.4887552261 1 0 0
1661115154.5547018051 1 0 0
1661115154.6318733692 1 0 0
1661115154.7086005211 1 0 0
1661115154.7746255398 1 0 0
1661115154.8404250145 1 0 0
1661115154.9069008827 1 0 0
1661115154.9728937149 1 0 0
1661115155.0494790077 0.92999999999999993783 0 0
1661115155.11515975 0.86999999999999999556 0 0
1661115155.1927812099 0.8350000000000000755 0 0
1661115155.2585494518 0.83000000000000007105 0 0
1661115155.3246357441 0.8350000000000000755 0 0
1661115155.3903157711 0.99499999999999999556 0 0
1661115155.468018055 1 0 0
1661115155.5449650288 1 0 0
1661115155.6107048988 0.91500000000000003553 0 0
1661115155.6765871048 0.88000000000000000444 0 0
1661115155.7430107594 0.875 0 0
1661115155.8198292255 0.875 0 0
1661115155.8962030411 0.86499999999999999112 0 0
1661115155.9734344482 0.875 0 0
1661115156.062053442 0.875 0 0
1661115156.1387310028 0.93999999999999994671 0 0
1661115156.2046597004 0.92999999999999993783 0 0
1661115156.2705805302 0.90999999999999992006 0 0
1661115156.3364536762 0.875 0 0
1661115156.4024868011 0.84499999999999997335 0 0
1661115156.4685566425 0.76500000000000001332 0 0
1661115156.5341236591 0.7249999999999999778 0 0
1661115156.6119081974 0.66000000000000003109 0 0
1661115156.67760396 0.61999999999999999556 0 0
1661115156.7434160709 0.61999999999999999556 0 0
1661115156.8208260536 0.60999999999999998668 0 0
1661115156.8864555359 0.57000000000000006217 0 0
1661115156.9522001743 0.51500000000000001332 0 0
1661115157.0295848846 0.4500000000000000111 0 0
1661115157.0953583717 0.33499999999999996447 0 0
1661115157.1728246212 0.17999999999999999334 0 0
1661115157.2389147282 0 0 0
1661115157.3043267727 0 0 0
1661115157.381537199 0 0 0
1661115157.4472489357 0 0 0
1661115157.5243108273 0 0 0
1661115157.6018743515 0 0 0
1661115157.6673696041 0 0 0
1661115157.7449028492 0 0 0
1661115157.810749054 0 0 0
1661115157.876601696 0 0 0
1661115157.9423885345 0 0 0
1661115158.01953578 0 0 0
1661115158.0965075493 0 0 0
1661115158.1734931469 0 0 0
1661115158.25075984 0 0 0
1661115158.3165421486 0 0 0
1661115158.382379055 0 0 0
1661115158.4596424103 0 0 0
1661115158.5253818035 0.12499999999999994449 0 0
1661115158.6028199196 0.2999999999999999889 0 0
1661115158.6684803963 0.4249999999999999889 0 0
1661115158.7342185974 0.5 0 0
1661115158.8115181923 0.55000000000000004441 0 0
1661115158.8887064457 0.59499999999999997335 0 0
1661115158.9541139603 0.68999999999999994671 0 0
1661115159.0314633846 0.80499999999999993783 0 0
1661115159.0980885029 1 0 0
1661115159.1636641026 1 0 0
1661115159.2294473648 1 0 0
1661115159.2952334881 1 0 0
1661115159.3727924824 1 0 0
1661115159.4382996559 1 0 0
1661115159.515850544 1 0 0
1661115159.5814981461 1 0 0
1661115159.6587495804 1 0 0
1661115159.7245788574 0.94500000000000006217 0 0
1661115159.8017759323 0.9000000000000000222 0 0
1661115159.8675386906 0.85499999999999998224 0 0
1661115159.9448266029 0.85499999999999998224 0 0
1661115160.0104966164 0.85499999999999998224 0 0
1661115160.0875942707 0.8499999999999999778 0 0
1661115160.1641902924 0.85499999999999998224 0 0
1661115160.2415339947 0.85499999999999998224 0 0
1661115160.3187968731 0.8499999999999999778 0 0
1661115160.3845105171 0.85499999999999998224 0 0
1661115160.461807251 0.875 0 0
1661115160.5274572372 0.89500000000000001776 0 0
1661115160.6047451496 0.90999999999999992006 0 0
1661115160.6704154015 1 0 0
1661115160.7477216721 1 0 0
1661115160.8133587837 0.99499999999999999556 0 0
1661115160.8906106949 0.94500000000000006217 0 0
1661115160.9676027298 0.92500000000000004441 0 0
1661115161.0450162888 0.92500000000000004441 0 0
1661115161.110502243 0.9000000000000000222 0 0
1661115161.1878499985 0.90999999999999992006 0 0
1661115161.2532904148 0.89500000000000001776 0 0
1661115161.3307712078 0.88000000000000000444 0 0
1661115161.3962860107 0.89000000000000001332 0 0
1661115161.4737284184 0.89500000000000001776 0 0
1661115161.5393939018 0.89000000000000001332 0 0
1661115161.6166272163 0.78499999999999992006 0 0
1661115161.6931371689 0.67500000000000004441 0 0
1661115161.7599651814 0.63000000000000000444 0 0
1661115161.8260538578 0.63000000000000000444 0 0
1661115161.8916985989 0.63000000000000000444 0 0
1661115161.9573528767 0.72999999999999998224 0 0
1661115162.0345089436 0.86499999999999999112 0 0
1661115162.1116826534 1 0 0
1661115162.177246809 1 0 0
1661115162.2543861866 1 0 0
1661115162.3316509724 1 0 0
1661115162.4085385799 1 0 0
1661115162.4857497215 1 0 0
1661115162.5513646603 1 0 0
1661115162.6284806728 1 0 0
1661115162.7058327198 1 0 0
1661115162.7712635994 1 0 0
1661115162.8487370014 1 0 0
1661115162.9144949913 1 0 0
1661115162.9802498817 1 0 0
1661115163.0576574802 1 0 0
1661115163.1233444214 1 0 0
1661115163.2006058693 1 0 0
1661115163.2662835121 1 0 0
1661115163.3436627388 1 0 0
1661115163.420943737 1 0 0
1661115163.4866235256 1 0 0
1661115163.563637495 1 0 0
1661115163.6408762932 1 0 0
1661115163.7066175938 1 0 0
1661115163.7721991539 1 0 0
1661115163.8493881226 1 0 0
1661115163.9265401363 1 0 0
1661115164.0038406849 1 0 0
1661115164.070202589 1 0 0
1661115164.1471664906 1 0 0
1661115164.2127304077 1 0 0
1661115164.2782969475 1 0 0
1661115164.3553576469 0.99499999999999999556 0 0
1661115164.4325511456 0.99499999999999999556 0 0
1661115164.5098161697 0.99499999999999999556 0 0
1661115164.5755784512 1 0 0
1661115164.6526918411 1 0 0
1661115164.7192206383 0.99499999999999999556 0 0
1661115164.7955424786 1 0 0
1661115164.8728678226 1 0 0
1661115164.9385924339 1 0 0
1661115165.0048065186 1 0 0
1661115165.0711519718 1 0 0
1661115165.1478228569 1 0 0
1661115165.2133963108 1 0 0
1661115165.2906217575 1 0 0
1661115165.3694791794 1 0 0
1661115165.4447107315 1 0 0
1661115165.5103626251 1 0 0
1661115165.5876703262 1 0 0
1661115165.6645133495 1 0 0
1661115165.7418735027 1 0 0
1661115165.8080341816 1 0 0
1661115165.8955180645 1 0 0
1661115165.9726963043 1 0 0
1661115166.0502090454 1 0 0
1661115166.126483202 1 0 0
1661115166.2038106918 1 0 0
1661115166.2696053982 1 0 0
1661115166.3469398022 1 0 0
1661115166.4130198956 1 0 0
1661115166.4782094955 1 0 0
1661115166.5554685593 1 0 0
1661115166.6325199604 1 0 0
1661115166.7099227905 1 0 0
1661115166.7755212784 1 0 0
1661115166.8529222012 1 0 0
1661115166.9186635017 1 0 0
1661115166.9959609509 1 0 0
1661115167.0617384911 1 0 0
1661115167.1391532421 1 0 0
1661115167.2047357559 1 0 0
1661115167.2818336487 1 0 0
1661115167.3482208252 1 0 0
1661115167.4243528843 1 0 0
1661115167.5016741753 0.98499999999999998668 0 0
1661115167.5790746212 0.95500000000000007105 0 0
1661115167.6448979378 0.94500000000000006217 0 0
1661115167.7105093002 0.93999999999999994671 0 0
1661115167.7878627777 0.94500000000000006217 0 0
1661115167.854187727 0.94500000000000006217 0 0
1661115167.9199316502 0.93999999999999994671 0 0
1661115167.9855995178 0.89500000000000001776 0 0
1661115168.0628881454 0.75 0 0
1661115168.1287384033 0.68500000000000005329 0 0
1661115168.2059731483 0.63500000000000000888 0 0
1661115168.2714877129 0.57499999999999995559 0 0
1661115168.3490729332 0.53000000000000002665 0 0
1661115168.4255416393 0.46499999999999996891 0 0
1661115168.5025751591 0.35999999999999998668 0 0
1661115168.5798954964 0.18499999999999999778 0 0
1661115168.645827055 0.12499999999999994449 0 0
1661115168.7113642693 0.23499999999999998668 0 0
1661115168.7887277603 0.36999999999999999556 0 0
1661115168.8543627262 0.41999999999999998446 0 0
1661115168.9204916954 0.41999999999999998446 0 0
1661115168.9978313446 0.41999999999999998446 0 0
1661115169.0636765957 0.41999999999999998446 0 0
1661115169.1403365135 0.41999999999999998446 0 0
1661115169.2179217339 0.41999999999999998446 0 0
1661115169.2837936878 0.41999999999999998446 0 0
1661115169.3495223522 0.41999999999999998446 0 0
1661115169.4267902374 0.41999999999999998446 0 0
1661115169.5041441917 0.41999999999999998446 0 0
1661115169.5700304508 0.41999999999999998446 0 0
1661115169.6360485554 0.42999999999999999334 0 0
1661115169.7019164562 0.43499999999999999778 0 0
1661115169.7675936222 0.43499999999999999778 0 0
1661115169.8448996544 0.4500000000000000111 0 0
1661115169.9106082916 0.48499999999999998668 0 0
1661115169.9876182079 0.48999999999999999112 0 0
1661115170.0647618771 0.48999999999999999112 0 0
1661115170.1308338642 0.48499999999999998668 0 0
1661115170.1966943741 0.48499999999999998668 0 0
1661115170.2626748085 0.48499999999999998668 0 0
1661115170.3397386074 0.48499999999999998668 0 0
1661115170.4163548946 0.48499999999999998668 0 0
1661115170.4827730656 0.48499999999999998668 0 0
1661115170.5484421253 0.48999999999999999112 0 0
1661115170.6259522438 0.48499999999999998668 0 0
1661115170.6918311119 0.48499999999999998668 0 0
1661115170.7575304508 0.48499999999999998668 0 0
1661115170.8237700462 0.48999999999999999112 0 0
1661115170.8892486095 0.48499999999999998668 0 0
1661115170.9558007717 0.48499999999999998668 0 0
1661115171.0213844776 0.48999999999999999112 0 0
1661115171.0988819599 0.48999999999999999112 0 0
1661115171.1645112038 0.5250000000000000222 0 0
1661115171.2420978546 0.57000000000000006217 0 0
1661115171.3081059456 0.60999999999999998668 0 0
1661115171.3738763332 0.60999999999999998668 0 0
1661115171.4395415783 0.69999999999999995559 0 0
1661115171.5166902542 0.82499999999999995559 0 0
1661115171.5941021442 1 0 0
1661115171.6704497337 1 0 0
1661115171.7477989197 0.88000000000000000444 0 0
1661115171.8141708374 1 0 0
1661115171.8908541203 1 0 0
1661115171.9564301968 0.90999999999999992006 0 0
1661115172.0337252617 0.9000000000000000222 0 0
1661115172.0997374058 0.90999999999999992006 0 0
1661115172.1772806644 0.9000000000000000222 0 0
1661115172.2428650856 0.875 0 0
1661115172.3088109493 0.86999999999999999556 0 0
1661115172.3747563362 0.875 0 0
1661115172.4404110909 0.93999999999999994671 0 0
1661115172.5180199146 1 0 0
1661115172.5944216251 1 0 0
1661115172.6716105938 1 0 0
1661115172.7491021156 1 0 0
1661115172.8147330284 1 0 0
1661115172.8913435936 1 0 0
1661115172.9577469826 1 0 0
1661115173.0351333618 1 0 0
1661115173.1008946896 1 0 0
1661115173.1666748524 1 0 0
1661115173.2324464321 1 0 0
1661115173.2985537052 1 0 0
1661115173.3758051395 1 0 0
1661115173.4414176941 1 0 0
1661115173.5191690922 1 0 0
1661115173.5957629681 1 0 0
1661115173.6730275154 1 0 0
1661115173.7388129234 1 0 0
1661115173.8049683571 1 0 0
1661115173.8707237244 1 0 0
1661115173.9369015694 1 0 0
1661115174.0027854443 1 0 0
1661115174.0799143314 1 0 0
1661115174.1458041668 1 0 0
1661115174.2231669426 1 0 0
1661115174.2888381481 1 0 0
1661115174.3550693989 1 0 0
1661115174.4319117069 1 0 0
1661115174.4976735115 1 0 0
1661115174.5638949871 1 0 0
1661115174.630106926 1 0 0
1661115174.6959645748 1 0 0
1661115174.7617907524 1 0 0
1661115174.82781744 1 0 0
1661115174.8940544128 1 0 0
1661115174.9598939419 1 0 0
1661115175.0365438461 1 0 0
1661115175.1141824722 1 0 0
1661115175.1798079014 1 0 0
1661115175.2571229935 1 0 0
1661115175.3337128162 1 0 0
1661115175.4109318256 1 0 0
1661115175.4768977165 1 0 0
1661115175.5428915024 1 0 0
1661115175.6091628075 1 0 0
1661115175.6750798225 1 0 0
1661115175.7410485744 1 0 0
1661115175.8176071644 1 0 0
1661115175.8952450752 1 0 0
1661115175.961014986 1 0 0
1661115176.0273425579 0.92500000000000004441 0 0
1661115176.103760004 0.77000000000000001776 0 0
1661115176.1694886684 0.64000000000000001332 0 0
1661115176.246929884 0.57999999999999996003 0 0
1661115176.3128032684 0.60499999999999998224 0 0
1661115176.3791761398 0.60499999999999998224 0 0
1661115176.4452359676 0.57000000000000006217 0 0
1661115176.5218851566 0.57000000000000006217 0 0
1661115176.5991606712 0.66500000000000003553 0 0
1661115176.6759681702 0.79000000000000003553 0 0
1661115176.7524096966 0.98999999999999999112 0 0
1661115176.8302893639 0.80499999999999993783 0 0
1661115176.8958857059 0.63500000000000000888 0 0
1661115176.9623086452 0.57999999999999996003 0 0
1661115177.0281541348 0.57999999999999996003 0 0
1661115177.0937349796 0.60499999999999998224 0 0
1661115177.1710352898 0.60999999999999998668 0 0
1661115177.2363228798 0.58999999999999996891 0 0
1661115177.313808918 0.56499999999999994671 0 0
1661115177.3802015781 0.66500000000000003553 0 0
1661115177.4462447166 0.78000000000000002665 0 0
1661115177.522616148 0.92999999999999993783 0 0
1661115177.6003000736 0.84499999999999997335 0 0
1661115177.6662483215 0.69500000000000006217 0 0
1661115177.7426900864 0.55500000000000004885 0 0
1661115177.820274353 0.43499999999999999778 0 0
1661115177.8861656189 0.31500000000000000222 0 0
1661115177.9522068501 0.14000000000000001332 0 0
1661115178.0286598206 0.005000000000000059952 0 0
1661115178.1053349972 0.23999999999999999112 0 0
1661115178.1833424568 0.4649999999999999134 0 0
1661115178.24918437 0.45999999999999996447 0 0
1661115178.3151187897 0.36000000000000004219 0 0
1661115178.380764246 0.52999999999999991562 0 0
1661115178.4470119476 0.53000000000000002665 0 0
1661115178.5130395889 0.51000000000000000888 0 0
1661115178.5793435574 0.54500000000000003997 0 0
1661115178.6451461315 0.54500000000000003997 0 0
1661115178.7109754086 0.53000000000000002665 0 0
1661115178.7769024372 0.53000000000000002665 0 0
1661115178.8426609039 0.53000000000000002665 0 0
1661115178.920091629 0.53000000000000002665 0 0
1661115178.9855556488 0.53000000000000002665 0 0
1661115179.0628817081 0.5999999999999999778 0 0
1661115179.1290211678 0.69999999999999995559 0 0
1661115179.1946666241 0.7249999999999999778 0 0
1661115179.2718420029 0.63000000000000000444 0 0
1661115179.3383686543 0.51000000000000000888 0 0
1661115179.4042654037 0.44000000000000000222 0 0
1661115179.4698152542 0.34499999999999997335 0 0
1661115179.5472347736 0.19499999999999995115 0 0
1661115179.6237277985 0.25500000000000005995 0 0
1661115179.689624548 0.41500000000000009104 0 0
1661115179.755795002 0.6100000000000000977 0 0
1661115179.8331625462 0.81000000000000005329 0 0
1661115179.8992090225 0.70499999999999996003 0 0
1661115179.975769043 0.60999999999999998668 0 0
1661115180.0414106846 0.57000000000000006217 0 0
1661115180.118512392 0.57000000000000006217 0 0
1661115180.1962800026 0.57000000000000006217 0 0
1661115180.2617189884 0.57000000000000006217 0 0
1661115180.3389320374 0.57000000000000006217 0 0
1661115180.4053678513 0.57000000000000006217 0 0
1661115180.4818923473 0.57000000000000006217 0 0
1661115180.5483987331 0.57000000000000006217 0 0
1661115180.6252844334 0.57000000000000006217 0 0
1661115180.6913325787 0.60499999999999998224 0 0
1661115180.7571413517 0.69500000000000006217 0 0
1661115180.8338384628 0.73999999999999999112 0 0
1661115180.9104864597 0.90999999999999992006 0 0
1661115180.988168478 1 0 0
1661115181.0535361767 1 0 0
1661115181.1312463284 1 0 0
1661115181.2081875801 1 0 0
1661115181.2737729549 1 0 0
1661115181.3394949436 1 0 0
1661115181.4170529842 1 0 0
1661115181.4935257435 0.99499999999999999556 0 0
1661115181.5704751015 0.98499999999999998668 0 0
1661115181.6481063366 0.98499999999999998668 0 0
1661115181.7140653133 0.99499999999999999556 0 0
1661115181.7794966698 1 0 0
1661115181.8459143639 1 0 0
1661115181.9117679596 1 0 0
1661115181.9890992641 1 0 0
1661115182.0545358658 1 0 0
1661115182.1323912144 1 0 0
1661115182.2089924812 1 0 0
1661115182.2745163441 1 0 0
1661115182.3515808582 1 0 0
1661115182.4178907871 1 0 0
1661115182.4947736263 1 0 0
1661115182.5722846985 1 0 0
1661115182.6487600803 1 0 0
1661115182.7144920826 1 0 0
1661115182.7922496796 1 0 0
1661115182.8577754498 1 0 0
1661115182.9351136684 0.93999999999999994671 0 0
1661115183.0119254589 0.86999999999999999556 0 0
1661115183.0775523186 0.84499999999999997335 0 0
1661115183.1550009251 0.8350000000000000755 0 0
1661115183.221082449 0.80000000000000004441 0 0
1661115183.2982006073 0.81000000000000005329 0 0
1661115183.3639526367 0.79499999999999992895 0 0
1661115183.4414138794 0.80000000000000004441 0 0
1661115183.517772913 0.85999999999999987566 0 0
1661115183.5950915813 0.92999999999999993783 0 0
1661115183.661434412 1 0 0
1661115183.7378017902 1 0 0
1661115183.8040823936 1 0 0
1661115183.8923916817 0.89000000000000001332 0 0
1661115183.9690873623 0.85999999999999987566 0 0
1661115184.0346038342 0.98499999999999998668 0 0
1661115184.112267971 1 0 0
1661115184.1784546375 1 0 0
1661115184.255156517 1 0 0
1661115184.321171999 1 0 0
1661115184.386862278 1 0 0
1661115184.4636330605 1 0 0
1661115184.529604435 1 0 0
1661115184.6064274311 1 0 0
1661115184.6726186275 1 0 0
1661115184.7502672672 0.82000000000000006217 0 0
1661115184.8273370266 0.67999999999999993783 0 0
1661115184.9038789272 0.58499999999999996447 0 0
1661115184.9805557728 0.57000000000000006217 0 0
1661115185.0580198765 0.57000000000000006217 0 0
1661115185.135144949 0.57000000000000006217 0 0
1661115185.2121908665 0.57000000000000006217 0 0
1661115185.2777924538 0.53000000000000002665 0 0
1661115185.3443675041 0.53000000000000002665 0 0
1661115185.4209365845 0.57000000000000006217 0 0
1661115185.487433672 0.57000000000000006217 0 0
1661115185.5644514561 0.60999999999999998668 0 0
1661115185.6412165165 0.67999999999999993783 0 0
1661115185.7285022736 0.71499999999999996891 0 0
1661115185.8055737019 0.66000000000000003109 0 0
1661115185.8720009327 0.72999999999999998224 0 0
1661115185.9486961365 0.53500000000000003109 0 0
1661115186.01496768 0.2999999999999999889 0 0
1661115186.0811526775 0.10000000000000000555 0 0
1661115186.146892786 0 0 0
1661115186.2125048637 0 0 0
1661115186.2788279057 0 0 0
1661115186.3450820446 0.19999999999999998335 0 0
1661115186.4224696159 0.39000000000000001332 0 0
1661115186.4992890358 0.39500000000000001776 0 0
1661115186.5761787891 0.38000000000000000444 0 0
1661115186.6420474052 0.31500000000000005773 0 0
1661115186.7192237377 0.2649999999999999023 0 0
1661115186.7847139835 0.2000000000000000111 0 0
1661115186.8619427681 0.19000000000000000222 0 0
1661115186.9278991222 0.19499999999999995115 0 0
1661115186.9936494827 0.19000000000000000222 0 0
1661115187.0602784157 0 0 0
1661115187.137140274 0 0 0
1661115187.2034959793 0 0 0
1661115187.2796885967 0 0 0
1661115187.3572311401 0 0 0
1661115187.4229125977 0 0 0
1661115187.4889223576 0 0 0
1661115187.5662162304 0 0 0
1661115187.6320989132 0 0 0
1661115187.6983668804 0 0 0
1661115187.763928175 0 0 0
1661115187.8299014568 0 0 0
1661115187.9070076942 0 0 0
1661115187.983956337 0 0 0
1661115188.0497736931 0 0 0
1661115188.1271562576 0 0 0
1661115188.1927084923 0 0 0
1661115188.2698614597 0 0 0
1661115188.3358216286 0 0 0
1661115188.4019021988 0 0 0
1661115188.467703104 0 0 0
1661115188.5449328423 0 0 0
1661115188.6107926369 0 0 0
1661115188.6883985996 0 0 0
1661115188.7543678284 0 0 0
1661115188.8201310635 0 0 0
1661115188.8861448765 0 0 0
1661115188.9521129131 0 0 0
1661115189.0179033279 0 0 0
1661115189.0953359604 0 0 0
1661115189.1610398293 0 0 0
1661115189.22687006 0 0 0
1661115189.3042078018 0 0 0
1661115189.3704020977 0 0 0
1661115189.4362585545 0 0 0
1661115189.5022757053 0 0 0
1661115189.5682766438 0 0 0
1661115189.6342220306 0 0 0
1661115189.7110664845 0 0 0
1661115189.7771561146 0 0 0
1661115189.8430564404 0 0 0
1661115189.9092669487 0 0 0
1661115189.9750366211 0 0 0
1661115190.0407915115 0 0 0
1661115190.1181099415 0 0 0
1661115190.1838886738 0 0 0
1661115190.2611517906 0 0 0
1661115190.3270192146 0 0 0
1661115190.4040029049 0 0 0
1661115190.4698929787 0 0 0
1661115190.5357370377 0 0 0
1661115190.6128735542 0 0 0
1661115190.6903383732 0 0 0
1661115190.7564358711 0 0 0
1661115190.8333749771 0 0 0
1661115190.9099926949 0 0 0
1661115190.986546278 0 0 0
1661115191.0527014732 0 0 0
1661115191.1188738346 0 0 0
1661115191.1959192753 0 0 0
